1,2 
4,4 
8,6 
7,6 
4,4 
1,2 
2,2 
4,4 
6,5 
5,4 
3,3 
2,2 
3,3 
4,4 
3,3 
2,2 
1,2 
0,1 
1,2 
0,1 
3999,3200 
3998,3199 
3992,3193 
3989,3190 
3987,3188 
3986,3187 
3987,3188 
3986,3187 
3985,3186 
3984,3184 
3983,3184 
3984,3184 
3983,3184 
3982,3183 
3981,3182 
3980,3181 
3979,3181 
3978,3180 
3977,3179 
3971,3175 
3969,3173 
3968,3172 
3967,3172 
3966,3171 
3967,3172 
3966,3171 
3967,3172 
3966,3171 
3965,3170 
3964,3169 
3963,3168 
3962,3168 
3961,3167 
3960,3166 
3961,3167 
3960,3166 
3959,3165 
3958,3164 
3957,3163 
3951,3158 
3948,3156 
3946,3154 
3945,3153 
3946,3154 
3945,3153 
3944,3152 
3943,3152 
3942,3151 
3941,3150 
3942,3151 
3941,3150 
3940,3149 
3939,3149 
3938,3148 
3937,3147 
3931,3143 
3929,3141 
3928,3140 
3927,3140 
3926,3139 
3925,3138 
3924,3137 
3923,3136 
3922,3136 
3921,3135 
3922,3136 
3921,3135 
3920,3134 
3919,3133 
3918,3132 
3917,3131 
3911,3126 
3909,3125 
3907,3123 
3906,3122 
3905,3121 
3904,3120 
3903,3120 
3902,3119 
3901,3118 
3900,3117 
3901,3118 
3900,3117 
3899,3117 
3898,3116 
3897,3115 
3891,3111 
3889,3109 
3888,3108 
3887,3108 
3886,3107 
3887,3108 
3886,3107 
3885,3106 
3884,3105 
3883,3104 
3882,3104 
3883,3104 
3882,3104 
3881,3103 
3880,3102 
3879,3101 
3878,3100 
3877,3099 
3871,3094 
3868,3092 
3867,3091 
3866,3090 
3865,3089 
3864,3088 
3863,3088 
3862,3087 
3861,3086 
3862,3087 
3861,3086 
3860,3085 
3859,3085 
3858,3084 
3859,3085 
3858,3084 
3854,3081 
3849,3077 
3848,3076 
3847,3076 
3846,3075 
3845,3074 
3844,3073 
3843,3072 
3842,3072 
3841,3071 
3842,3072 
3841,3071 
3840,3070 
3839,3069 
3838,3068 
3832,3063 
3829,3061 
3827,3059 
3826,3058 
3827,3059 
3826,3058 
3827,3059 
3826,3058 
3825,3057 
3824,3056 
3823,3056 
3824,3056 
3823,3056 
3822,3055 
3821,3054 
3822,3055 
3821,3054 
3820,3053 
3819,3053 
3818,3052 
3819,3053 
3818,3052 
3816,3050 
3810,3046 
3809,3045 
3808,3044 
3807,3044 
3806,3043 
3805,3042 
3804,3041 
3803,3040 
3804,3041 
3803,3040 
3802,3040 
3801,3039 
3800,3038 
3799,3037 
3798,3036 
3791,3030 
3789,3029 
3787,3027 
3786,3026 
3785,3025 
3784,3024 
3783,3024 
3782,3023 
3781,3022 
3780,3021 
3779,3021 
3780,3021 
3779,3021 
3778,3020 
3779,3021 
3778,3020 
3775,3018 
3770,3014 
3769,3013 
3767,3012 
3766,3011 
3765,3010 
3764,3009 
3763,3008 
3762,3008 
3763,3008 
3762,3008 
3761,3007 
3760,3006 
3759,3005 
3760,3006 
3759,3005 
3758,3004 
3753,3000 
3750,2998 
3747,2995 
3746,2994 
3747,2995 
3746,2994 
3745,2993 
3744,2992 
3743,2992 
3742,2991 
3741,2990 
3740,2989 
3739,2989 
3738,2988 
3732,2983 
3729,2981 
3728,2980 
3727,2980 
3726,2979 
3725,2978 
3724,2977 
3723,2976 
3722,2976 
3721,2975 
3720,2974 
3719,2973 
3718,2972 
3711,2966 
3709,2965 
3707,2963 
3706,2962 
3707,2963 
3706,2962 
3705,2961 
3704,2960 
3703,2960 
3704,2960 
3703,2960 
3702,2959 
3701,2958 
3700,2957 
3699,2957 
3698,2956 
3692,2951 
3689,2949 
3688,2948 
3687,2948 
3686,2947 
3685,2946 
3684,2945 
3683,2944 
3682,2944 
3681,2943 
3680,2942 
3679,2941 
3680,2942 
3679,2941 
3678,2940 
3673,2936 
3670,2934 
3668,2932 
3667,2931 
3666,2930 
3667,2931 
3666,2930 
3665,2929 
3664,2928 
3663,2928 
3664,2928 
3663,2928 
3662,2927 
3661,2926 
3662,2927 
3661,2926 
3660,2925 
3659,2925 
3658,2924 
3652,2919 
3649,2917 
3648,2916 
3647,2916 
3646,2915 
3645,2914 
3644,2913 
3645,2914 
3644,2913 
3643,2912 
3642,2912 
3641,2911 
3640,2910 
3639,2909 
3638,2908 
3639,2909 
3638,2908 
3633,2904 
3629,2901 
3627,2899 
3626,2898 
3625,2897 
3624,2896 
3623,2896 
3622,2895 
3621,2894 
3620,2893 
3619,2892 
3618,2892 
3616,2890 
3610,2885 
3609,2884 
3608,2884 
3607,2883 
3606,2882 
3605,2881 
3604,2880 
3603,2880 
3602,2879 
3603,2880 
3602,2879 
3601,2878 
3600,2877 
3599,2876 
3598,2876 
3593,2872 
3590,2869 
3587,2867 
3586,2866 
3587,2867 
3586,2866 
3585,2865 
3584,2864 
3583,2864 
3582,2863 
3581,2862 
3580,2861 
3579,2861 
3580,2861 
3579,2861 
3578,2860 
3572,2855 
3569,2853 
3568,2852 
3567,2852 
3566,2851 
3565,2850 
3564,2849 
3563,2848 
3562,2848 
3563,2848 
3562,2848 
3561,2847 
3560,2846 
3559,2845 
3560,2846 
3559,2845 
3558,2844 
3559,2845 
3558,2844 
3553,2840 
3549,2837 
3548,2836 
3546,2834 
3545,2833 
3551,2838 
3550,2838 
3549,2837 
3550,2838 
3549,2837 
3548,2836 
3549,2837 
3548,2836 
3547,2835 
3548,2836 
3547,2835 
3546,2834 
3547,2835 
3546,2834 
3547,2835 
3546,2834 
3545,2833 
3544,2832 
3545,2833 
3544,2832 
3543,2832 
3544,2832 
3543,2832 
3542,2831 
3541,2830 
3542,2831 
3541,2830 
3540,2829 
3539,2828 
3540,2829 
3539,2828 
3538,2828 
3537,2827 
3534,2824 
3533,2824 
3534,2824 
3533,2824 
3532,2823 
3533,2824 
3532,2823 
3531,2822 
3532,2823 
3531,2822 
3530,2821 
3531,2822 
3530,2821 
3529,2820 
3530,2821 
3529,2820 
3528,2820 
3529,2820 
3528,2820 
3529,2820 
3528,2820 
3527,2819 
3526,2818 
3525,2817 
3526,2818 
3525,2817 
3524,2816 
3523,2816 
3524,2816 
3523,2816 
3522,2815 
3523,2816 
3522,2815 
3521,2814 
3522,2815 
3521,2814 
3520,2813 
3521,2814 
3520,2813 
3519,2812 
3520,2813 
3519,2812 
3518,2812 
3514,2808 
3515,2809 
3513,2808 
3512,2807 
3513,2808 
3512,2807 
3511,2806 
3510,2805 
3511,2806 
3510,2805 
3509,2804 
3510,2805 
3509,2804 
3508,2804 
3509,2804 
3508,2804 
3507,2803 
3506,2802 
3507,2803 
3506,2802 
3505,2801 
3506,2802 
3505,2801 
3504,2800 
3503,2800 
3504,2800 
3503,2800 
3504,2800 
3503,2800 
3502,2799 
3501,2798 
3502,2799 
3501,2798 
3500,2797 
3501,2798 
3500,2797 
3499,2797 
3500,2797 
3499,2797 
3498,2796 
3495,2794 
3494,2793 
3493,2792 
3492,2791 
3493,2792 
3492,2791 
3491,2791 
3492,2791 
3491,2791 
3490,2790 
3489,2789 
3488,2788 
3487,2788 
3488,2788 
3487,2788 
3486,2787 
3485,2786 
3486,2787 
3485,2786 
3486,2787 
3485,2786 
3484,2785 
3485,2786 
3484,2785 
3483,2784 
3484,2785 
3483,2784 
3482,2784 
3483,2784 
3482,2784 
3481,2783 
3482,2784 
3481,2783 
3480,2782 
3481,2783 
3480,2782 
3479,2781 
3480,2782 
3479,2781 
3478,2780 
3474,2777 
3475,2778 
3473,2776 
3472,2775 
3471,2774 
3470,2774 
3471,2774 
3470,2774 
3469,2773 
3468,2772 
3467,2771 
3468,2772 
3467,2771 
3466,2770 
3467,2771 
3466,2770 
3465,2769 
3464,2768 
3463,2768 
3464,2768 
3463,2768 
3462,2767 
3461,2766 
3462,2767 
3461,2766 
3460,2765 
3459,2764 
3460,2765 
3459,2764 
3458,2764 
3454,2760 
3455,2761 
3454,2760 
3453,2760 
3452,2759 
3453,2760 
3452,2759 
3451,2758 
3452,2759 
3451,2758 
3450,2757 
3451,2758 
3450,2757 
3449,2756 
3448,2756 
3449,2756 
3448,2756 
3449,2756 
3448,2756 
3447,2755 
3446,2754 
3445,2753 
3446,2754 
3445,2753 
3444,2752 
3443,2752 
3444,2752 
3443,2752 
3442,2751 
3443,2752 
3442,2751 
3441,2750 
3442,2751 
3441,2750 
3440,2749 
3441,2750 
3440,2749 
3439,2748 
3440,2749 
3439,2748 
3438,2748 
3434,2744 
3435,2745 
3433,2744 
3432,2743 
3431,2742 
3430,2741 
3431,2742 
3430,2741 
3429,2740 
3430,2741 
3429,2740 
3428,2740 
3429,2740 
3428,2740 
3427,2739 
3426,2738 
3427,2739 
3426,2738 
3425,2737 
3426,2738 
3425,2737 
3424,2736 
3423,2736 
3424,2736 
3423,2736 
3424,2736 
3423,2736 
3422,2735 
3423,2736 
3422,2735 
3421,2734 
3422,2735 
3421,2734 
3420,2733 
3421,2734 
3420,2733 
3419,2733 
3420,2733 
3419,2733 
3418,2732 
3415,2730 
3414,2729 
3413,2728 
3412,2727 
3411,2727 
3412,2727 
3411,2727 
3410,2726 
3411,2727 
3410,2726 
3409,2725 
3408,2724 
3409,2725 
3408,2724 
3407,2724 
3406,2723 
3405,2722 
3406,2723 
3405,2722 
3404,2721 
3405,2722 
3404,2721 
3403,2720 
3404,2721 
3403,2720 
3402,2720 
3403,2720 
3402,2720 
3401,2719 
3402,2720 
3401,2719 
3400,2718 
3401,2719 
3400,2718 
3399,2717 
3400,2718 
3399,2717 
3398,2716 
3394,2713 
3395,2714 
3393,2712 
3392,2711 
3393,2712 
3392,2711 
3391,2710 
3390,2710 
3391,2710 
3390,2710 
3391,2710 
3390,2710 
3389,2709 
3388,2708 
3387,2707 
3388,2708 
3387,2707 
3386,2706 
3387,2707 
3386,2706 
3385,2705 
3386,2706 
3385,2705 
3384,2704 
3385,2705 
3384,2704 
3383,2704 
3384,2704 
3383,2704 
3382,2703 
3383,2704 
3382,2703 
3381,2702 
3382,2703 
3381,2702 
3380,2701 
3381,2702 
3380,2701 
3379,2700 
3380,2701 
3379,2700 
3378,2700 
3375,2697 
3374,2696 
3373,2696 
3372,2695 
3371,2694 
3372,2695 
3371,2694 
3370,2693 
3371,2694 
3370,2693 
3369,2692 
3368,2692 
3369,2692 
3368,2692 
3367,2691 
3368,2692 
3367,2691 
3366,2690 
3365,2689 
3366,2690 
3365,2689 
3366,2690 
3365,2689 
3364,2688 
3365,2689 
3364,2688 
3363,2688 
3364,2688 
3363,2688 
3362,2687 
3363,2688 
3362,2687 
3363,2688 
3362,2687 
3361,2686 
3362,2687 
3361,2686 
3360,2685 
3361,2686 
3360,2685 
3361,2686 
3360,2685 
3359,2684 
3360,2685 
3359,2684 
3358,2684 
3355,2681 
3354,2680 
3353,2680 
3352,2679 
3351,2678 
3352,2679 
3351,2678 
3350,2677 
3351,2678 
3350,2677 
3349,2676 
3350,2677 
3349,2676 
3348,2676 
3349,2676 
3348,2676 
3349,2676 
3348,2676 
3347,2675 
3346,2674 
3345,2673 
3346,2674 
3345,2673 
3344,2672 
3343,2672 
3344,2672 
3343,2672 
3342,2671 
3343,2672 
3342,2671 
3341,2670 
3342,2671 
3341,2670 
3340,2669 
3341,2670 
3340,2669 
3339,2669 
3340,2669 
3339,2669 
3338,2668 
3335,2666 
3334,2665 
3333,2664 
3332,2663 
3331,2663 
3332,2663 
3331,2663 
3330,2662 
3329,2661 
3328,2660 
3329,2661 
3328,2660 
3327,2660 
3328,2660 
3327,2660 
3326,2659 
3325,2658 
3326,2659 
3325,2658 
3324,2657 
3325,2658 
3324,2657 
3323,2656 
3324,2657 
3323,2656 
3322,2656 
3323,2656 
3322,2656 
3321,2655 
3322,2656 
3321,2655 
3320,2654 
3321,2655 
3320,2654 
3319,2653 
3320,2654 
3319,2653 
3318,2652 
3314,2649 
3315,2650 
3313,2648 
3314,2649 
3313,2648 
3312,2647 
3311,2646 
3312,2647 
3311,2646 
3310,2646 
3311,2646 
3310,2646 
3309,2645 
3310,2646 
3309,2645 
3308,2644 
3309,2645 
3308,2644 
3307,2643 
3308,2644 
3307,2643 
3306,2642 
3307,2643 
3306,2642 
3305,2641 
3304,2640 
3303,2640 
3304,2640 
3303,2640 
3302,2639 
3301,2638 
3302,2639 
3301,2638 
3300,2637 
3299,2636 
3300,2637 
3299,2636 
3298,2636 
3295,2633 
3294,2632 
3293,2632 
3292,2631 
3291,2630 
3292,2631 
3291,2630 
3290,2629 
3289,2628 
3288,2628 
3289,2628 
3288,2628 
3287,2627 
3288,2628 
3287,2627 
3286,2626 
3285,2625 
3286,2626 
3285,2625 
3284,2624 
3285,2625 
3284,2624 
3283,2624 
3284,2624 
3283,2624 
3282,2623 
3283,2624 
3282,2623 
3281,2622 
3282,2623 
3281,2622 
3280,2621 
3281,2622 
3280,2621 
3279,2620 
3278,2619 
3274,2616 
3275,2617 
3274,2616 
3273,2615 
3272,2614 
3271,2614 
3272,2614 
3271,2614 
3270,2613 
3271,2614 
3270,2613 
3269,2612 
3268,2611 
3269,2612 
3268,2611 
3267,2610 
3268,2611 
3267,2610 
3266,2609 
3265,2608 
3266,2609 
3265,2608 
3264,2608 
3263,2607 
3264,2608 
3263,2607 
3262,2606 
3263,2607 
3262,2606 
3261,2606 
3262,2606 
3261,2606 
3260,2605 
3261,2606 
3260,2605 
3259,2604 
3258,2603 
3255,2601 
3254,2600 
3253,2600 
3252,2599 
3251,2598 
3252,2599 
3251,2598 
3250,2598 
3249,2597 
3248,2596 
3249,2597 
3248,2596 
3247,2595 
3248,2596 
3247,2595 
3248,2596 
3247,2595 
3246,2595 
3245,2594 
3246,2595 
3245,2594 
3244,2593 
3245,2594 
3244,2593 
3243,2592 
3242,2592 
3243,2592 
3242,2592 
3243,2592 
3242,2592 
3241,2591 
3242,2592 
3241,2591 
3240,2590 
3241,2591 
3240,2590 
3241,2591 
3240,2590 
3239,2589 
3240,2590 
3239,2589 
3238,2588 
3234,2585 
3235,2586 
3233,2584 
3234,2585 
3233,2584 
3232,2583 
3231,2582 
3232,2583 
3231,2582 
3230,2582 
3231,2582 
3230,2582 
3229,2581 
3230,2582 
3229,2581 
3228,2580 
3229,2581 
3228,2580 
3227,2579 
3226,2578 
3225,2577 
3226,2578 
3225,2577 
3224,2576 
3223,2576 
3224,2576 
3223,2576 
3222,2575 
3223,2576 
3222,2575 
3221,2574 
3222,2575 
3221,2574 
3220,2573 
3221,2574 
3220,2573 
3219,2572 
3220,2573 
3219,2572 
3218,2572 
3215,2569 
3214,2568 
3213,2568 
3212,2567 
3211,2566 
3212,2567 
3211,2566 
3210,2565 
3209,2564 
3208,2564 
3207,2563 
3208,2564 
3207,2563 
3206,2562 
3207,2563 
3206,2562 
3205,2561 
3206,2562 
3205,2561 
3204,2560 
3205,2561 
3204,2560 
3203,2560 
3202,2559 
3203,2560 
3202,2559 
3201,2558 
3200,2557 
3201,2558 
3200,2557 
3199,2556 
3198,2556 
3194,2552 
3195,2553 
3194,2552 
3193,2552 
3192,2551 
3191,2550 
3192,2551 
3191,2550 
3190,2549 
3191,2550 
3190,2549 
3189,2548 
3188,2548 
3189,2548 
3188,2548 
3187,2547 
3186,2546 
3185,2545 
3186,2546 
3185,2545 
3184,2544 
3183,2544 
3184,2544 
3183,2544 
3182,2543 
3183,2544 
3182,2543 
3181,2542 
3182,2543 
3181,2542 
3180,2541 
3181,2542 
3180,2541 
3181,2542 
3180,2541 
3179,2541 
3178,2540 
3175,2538 
3174,2537 
3173,2536 
3172,2535 
3171,2535 
3170,2534 
3171,2535 
3170,2534 
3169,2533 
3168,2532 
3167,2532 
3168,2532 
3167,2532 
3166,2531 
3165,2530 
3166,2531 
3165,2530 
3164,2529 
3165,2530 
3164,2529 
3163,2528 
3162,2528 
3163,2528 
3162,2528 
3163,2528 
3162,2528 
3161,2527 
3162,2528 
3161,2527 
3160,2526 
3161,2527 
3160,2526 
3159,2525 
3160,2526 
3159,2525 
3158,2524 
3154,2521 
3155,2522 
3153,2520 
3154,2521 
3153,2520 
3152,2519 
3151,2518 
3152,2519 
3151,2518 
3150,2518 
3151,2518 
3150,2518 
3149,2517 
3148,2516 
3149,2517 
3148,2516 
3149,2517 
3148,2516 
3147,2515 
3146,2514 
3145,2513 
3146,2514 
3145,2513 
3144,2512 
3143,2512 
3144,2512 
3143,2512 
3142,2511 
3143,2512 
3142,2511 
3141,2510 
3142,2511 
3141,2510 
3140,2509 
3141,2510 
3140,2509 
3139,2508 
3140,2509 
3139,2508 
3138,2508 
3135,2505 
3134,2504 
3133,2504 
3132,2503 
3131,2502 
3130,2501 
3131,2502 
3130,2501 
3129,2500 
3128,2500 
3127,2499 
3128,2500 
3127,2499 
3126,2498 
3127,2499 
3126,2498 
3125,2497 
3126,2498 
3125,2497 
3124,2496 
3125,2497 
3124,2496 
3123,2496 
3122,2495 
3123,2496 
3122,2495 
3121,2494 
3120,2493 
3121,2494 
3120,2493 
3119,2492 
3118,2492 
3114,2488 
3115,2489 
3114,2488 
3113,2488 
3114,2488 
3113,2488 
3112,2487 
3111,2486 
3112,2487 
3111,2486 
3110,2485 
3111,2486 
3110,2485 
3109,2484 
3108,2484 
3109,2484 
3108,2484 
3107,2483 
3108,2484 
3107,2483 
3108,2484 
3107,2483 
3106,2482 
3107,2483 
3106,2482 
3105,2481 
3106,2482 
3105,2481 
3104,2480 
3105,2481 
3104,2480 
3103,2480 
3102,2479 
3103,2480 
3102,2479 
3101,2478 
3100,2477 
3101,2478 
3100,2477 
3099,2477 
3098,2476 
3095,2474 
3094,2473 
3093,2472 
3092,2471 
3091,2471 
3090,2470 
3089,2469 
3088,2468 
3087,2468 
3088,2468 
3087,2468 
3086,2467 
3087,2468 
3086,2467 
3085,2466 
3084,2465 
3083,2464 
3084,2465 
3083,2464 
3082,2464 
3083,2464 
3082,2464 
3081,2463 
3080,2462 
3081,2463 
3080,2462 
3079,2461 
3078,2460 
3075,2458 
3074,2457 
3073,2456 
3074,2457 
3073,2456 
3072,2455 
3071,2454 
3072,2455 
3071,2454 
3070,2454 
3069,2453 
3068,2452 
3069,2453 
3068,2452 
3067,2451 
3066,2450 
3065,2449 
3066,2450 
3065,2449 
3064,2448 
3063,2448 
3064,2448 
3063,2448 
3062,2447 
3063,2448 
3062,2447 
3061,2446 
3062,2447 
3061,2446 
3060,2445 
3061,2446 
3060,2445 
3061,2446 
3060,2445 
3059,2444 
3058,2444 
3055,2441 
3054,2440 
3053,2440 
3052,2439 
3053,2440 
3052,2439 
3051,2438 
3050,2437 
3051,2438 
3050,2437 
3049,2436 
3050,2437 
3049,2436 
3048,2436 
3047,2435 
3048,2436 
3047,2435 
3046,2434 
3047,2435 
3046,2434 
3045,2433 
3046,2434 
3045,2433 
3044,2432 
3043,2432 
3044,2432 
3043,2432 
3042,2431 
3043,2432 
3042,2431 
3041,2430 
3042,2431 
3041,2430 
3040,2429 
3041,2430 
3040,2429 
3039,2428 
3040,2429 
3039,2428 
3038,2427 
3035,2425 
3034,2424 
3033,2423 
3032,2422 
3031,2422 
3032,2422 
3031,2422 
3030,2421 
3031,2422 
3030,2421 
3029,2420 
3028,2419 
3027,2418 
3028,2419 
3027,2418 
3026,2417 
3027,2418 
3026,2417 
3025,2416 
3026,2417 
3025,2416 
3024,2416 
3025,2416 
3024,2416 
3023,2415 
3022,2414 
3023,2415 
3022,2414 
3021,2413 
3020,2413 
3021,2413 
3020,2413 
3019,2412 
3018,2411 
3015,2409 
3014,2408 
3013,2407 
3012,2407 
3013,2407 
3012,2407 
3011,2406 
3010,2405 
3011,2406 
3010,2405 
3009,2404 
3010,2405 
3009,2404 
3008,2404 
3007,2403 
3008,2404 
3007,2403 
3006,2402 
3007,2403 
3006,2402 
3005,2401 
3004,2400 
3005,2401 
3004,2400 
3003,2400 
3002,2399 
3003,2400 
3002,2399 
3001,2398 
3000,2397 
3001,2398 
3000,2397 
2999,2396 
2998,2396 
2995,2393 
2994,2392 
2993,2392 
2994,2392 
2993,2392 
2992,2391 
2991,2390 
2992,2391 
2991,2390 
2990,2389 
2991,2390 
2990,2389 
2989,2388 
2990,2389 
2989,2388 
2988,2388 
2989,2388 
2988,2388 
2987,2387 
2986,2386 
2985,2385 
2986,2386 
2985,2385 
2984,2384 
2983,2384 
2984,2384 
2983,2384 
2982,2383 
2983,2384 
2982,2383 
2981,2382 
2982,2383 
2981,2382 
2980,2381 
2981,2382 
2980,2381 
2981,2382 
2980,2381 
2979,2380 
2980,2381 
2979,2380 
2978,2380 
2975,2377 
2974,2376 
2973,2376 
2972,2375 
2971,2374 
2970,2373 
2971,2374 
2970,2373 
2971,2374 
2970,2373 
2969,2372 
2970,2373 
2969,2372 
2968,2372 
2967,2371 
2968,2372 
2967,2371 
2966,2370 
2967,2371 
2966,2370 
2965,2369 
2966,2370 
2965,2369 
2964,2368 
2963,2368 
2964,2368 
2963,2368 
2962,2367 
2963,2368 
2962,2367 
2961,2366 
2962,2367 
2961,2366 
2960,2365 
2959,2364 
2960,2365 
2959,2364 
2958,2363 
2955,2361 
2954,2360 
2953,2359 
2952,2358 
2951,2358 
2950,2357 
2951,2358 
2950,2357 
2949,2356 
2948,2355 
2947,2354 
2948,2355 
2947,2354 
2946,2353 
2947,2354 
2946,2353 
2947,2354 
2946,2353 
2945,2352 
2946,2353 
2945,2352 
2944,2352 
2945,2352 
2944,2352 
2943,2351 
2942,2350 
2943,2351 
2942,2350 
2941,2349 
2940,2349 
2941,2349 
2940,2349 
2939,2348 
2940,2349 
2939,2348 
2938,2347 
2935,2345 
2934,2344 
2933,2343 
2932,2343 
2933,2343 
2932,2343 
2931,2342 
2930,2341 
2931,2342 
2930,2341 
2929,2340 
2930,2341 
2929,2340 
2928,2340 
2927,2339 
2926,2338 
2927,2339 
2926,2338 
2925,2337 
2924,2336 
2925,2337 
2924,2336 
2923,2336 
2922,2335 
2923,2336 
2922,2335 
2921,2334 
2920,2333 
2921,2334 
2920,2333 
2919,2332 
2918,2332 
2915,2329 
2914,2328 
2913,2328 
2912,2327 
2911,2326 
2912,2327 
2911,2326 
2910,2325 
2909,2324 
2908,2324 
2909,2324 
2908,2324 
2907,2323 
2906,2322 
2905,2321 
2906,2322 
2905,2321 
2906,2322 
2905,2321 
2904,2320 
2903,2320 
2902,2319 
2903,2320 
2902,2319 
2901,2318 
2900,2317 
2901,2318 
2900,2317 
2899,2316 
2898,2316 
2895,2313 
2894,2312 
2893,2312 
2892,2311 
2893,2312 
2892,2311 
2891,2310 
2890,2309 
2891,2310 
2890,2309 
2889,2308 
2890,2309 
2889,2308 
2888,2308 
2887,2307 
2888,2308 
2887,2307 
2886,2306 
2887,2307 
2886,2306 
2885,2305 
2884,2304 
2883,2304 
2884,2304 
2883,2304 
2882,2303 
2881,2302 
2882,2303 
2881,2302 
2880,2301 
2879,2300 
2880,2301 
2879,2300 
2878,2299 
2875,2297 
2874,2296 
2873,2295 
2872,2294 
2871,2294 
2870,2293 
2871,2294 
2870,2293 
2869,2292 
2868,2291 
2867,2290 
2868,2291 
2867,2290 
2866,2289 
2867,2290 
2866,2289 
2865,2288 
2866,2289 
2865,2288 
2864,2288 
2865,2288 
2864,2288 
2863,2287 
2862,2286 
2863,2287 
2862,2286 
2861,2285 
2860,2285 
2861,2285 
2860,2285 
2859,2284 
2858,2283 
2855,2281 
2854,2280 
2853,2279 
2852,2279 
2853,2279 
2852,2279 
2851,2278 
2850,2277 
2851,2278 
2850,2277 
2849,2276 
2850,2277 
2849,2276 
2850,2277 
2849,2276 
2848,2276 
2847,2275 
2848,2276 
2847,2275 
2846,2274 
2847,2275 
2846,2274 
2845,2273 
2844,2272 
2843,2272 
2842,2271 
2843,2272 
2842,2271 
2841,2270 
2840,2269 
2841,2270 
2840,2269 
2839,2268 
2840,2269 
2839,2268 
2838,2268 
2835,2265 
2834,2264 
2833,2264 
2832,2263 
2831,2262 
2830,2261 
2829,2260 
2828,2260 
2829,2260 
2828,2260 
2827,2259 
2826,2258 
2825,2257 
2826,2258 
2825,2257 
2824,2256 
2823,2256 
2824,2256 
2823,2256 
2822,2255 
2823,2256 
2822,2255 
2821,2254 
2822,2255 
2821,2254 
2820,2253 
2821,2254 
2820,2253 
2819,2252 
2818,2252 
2815,2249 
2814,2248 
2813,2248 
2812,2247 
2813,2248 
2812,2247 
2811,2246 
2810,2245 
2811,2246 
2810,2245 
2809,2244 
2808,2244 
2807,2243 
2806,2242 
2807,2243 
2806,2242 
2805,2241 
2806,2242 
2805,2241 
2804,2240 
2803,2240 
2804,2240 
2803,2240 
2802,2239 
2801,2238 
2802,2239 
2801,2238 
2800,2237 
2799,2236 
2800,2237 
2799,2236 
2798,2235 
2795,2233 
2794,2232 
2793,2231 
2792,2230 
2791,2230 
2790,2229 
2789,2228 
2788,2227 
2789,2228 
2788,2227 
2787,2226 
2788,2227 
2787,2226 
2786,2225 
2785,2224 
2786,2225 
2785,2224 
2784,2224 
2785,2224 
2784,2224 
2783,2223 
2782,2222 
2783,2223 
2782,2222 
2783,2223 
2782,2222 
2781,2221 
2780,2221 
2781,2221 
2780,2221 
2779,2220 
2778,2219 
2775,2217 
2774,2216 
2773,2215 
2772,2215 
2773,2215 
2772,2215 
2771,2214 
2770,2213 
2769,2212 
2770,2213 
2769,2212 
2768,2212 
2767,2211 
2766,2210 
2767,2211 
2766,2210 
2765,2209 
2764,2208 
2763,2208 
2764,2208 
2763,2208 
2762,2207 
2763,2208 
2762,2207 
2761,2206 
2762,2207 
2761,2206 
2760,2205 
2759,2204 
2760,2205 
2759,2204 
2758,2204 
2755,2201 
2754,2200 
2753,2200 
2752,2199 
2751,2198 
2750,2197 
2751,2198 
2750,2197 
2749,2196 
2748,2196 
2749,2196 
2748,2196 
2747,2195 
2748,2196 
2747,2195 
2746,2194 
2745,2193 
2746,2194 
2745,2193 
2746,2194 
2745,2193 
2744,2192 
2745,2193 
2744,2192 
2743,2192 
2744,2192 
2743,2192 
2742,2191 
2743,2192 
2742,2191 
2741,2190 
2740,2189 
2741,2190 
2740,2189 
2739,2188 
2738,2188 
2735,2185 
2734,2184 
2733,2184 
2732,2183 
2733,2184 
2732,2183 
2731,2182 
2730,2181 
2731,2182 
2730,2181 
2729,2180 
2728,2180 
2727,2179 
2728,2180 
2727,2179 
2726,2178 
2727,2179 
2726,2178 
2725,2177 
2726,2178 
2725,2177 
2724,2176 
2723,2176 
2724,2176 
2723,2176 
2722,2175 
2721,2174 
2722,2175 
2721,2174 
2720,2173 
2719,2172 
2720,2173 
2719,2172 
2720,2173 
2719,2172 
2718,2171 
2715,2169 
2714,2168 
2713,2167 
2712,2166 
2713,2167 
2712,2166 
2711,2166 
2710,2165 
2711,2166 
2710,2165 
2709,2164 
2710,2165 
2709,2164 
2708,2163 
2707,2162 
2708,2163 
2707,2162 
2706,2161 
2707,2162 
2706,2161 
2705,2160 
2706,2161 
2705,2160 
2704,2160 
2703,2159 
2702,2158 
2701,2158 
2702,2158 
2701,2158 
2700,2157 
2699,2156 
2700,2157 
2699,2156 
2700,2157 
2699,2156 
2698,2155 
2695,2153 
2694,2152 
2695,2153 
2694,2152 
2693,2152 
2692,2151 
2693,2152 
2692,2151 
2691,2150 
2692,2151 
2691,2150 
2690,2150 
2691,2150 
2690,2150 
2689,2149 
2690,2150 
2689,2149 
2688,2148 
2689,2149 
2688,2148 
2689,2149 
2688,2148 
2687,2147 
2686,2147 
2687,2147 
2686,2147 
2685,2146 
2684,2145 
2683,2144 
2684,2145 
2683,2144 
2682,2144 
2681,2143 
2682,2144 
2681,2143 
2680,2142 
2679,2141 
2680,2142 
2679,2141 
2680,2142 
2679,2141 
2678,2140 
2675,2138 
2674,2137 
2673,2136 
2672,2135 
2673,2136 
2672,2135 
2671,2134 
2670,2134 
2671,2134 
2670,2134 
2669,2133 
2668,2132 
2667,2131 
2668,2132 
2667,2131 
2666,2130 
2665,2129 
2664,2128 
2663,2128 
2664,2128 
2663,2128 
2662,2127 
2661,2126 
2662,2127 
2661,2126 
2662,2127 
2661,2126 
2660,2125 
2661,2126 
2660,2125 
2659,2124 
2658,2124 
2655,2121 
2654,2120 
2653,2120 
2652,2119 
2653,2120 
2652,2119 
2651,2118 
2650,2117 
2649,2116 
2650,2117 
2649,2116 
2648,2116 
2649,2116 
2648,2116 
2647,2115 
2646,2114 
2645,2113 
2646,2114 
2645,2113 
2644,2112 
2643,2112 
2644,2112 
2643,2112 
2642,2111 
2641,2110 
2642,2111 
2641,2110 
2640,2109 
2639,2108 
2640,2109 
2639,2108 
2638,2107 
2635,2105 
2634,2104 
2633,2103 
2632,2102 
2633,2103 
2632,2102 
2631,2102 
2630,2101 
2631,2102 
2630,2101 
2629,2100 
2630,2101 
2629,2100 
2628,2099 
2627,2098 
2626,2097 
2627,2098 
2626,2097 
2625,2096 
2626,2097 
2625,2096 
2624,2096 
2623,2095 
2624,2096 
2623,2095 
2622,2094 
2623,2095 
2622,2094 
2621,2094 
2622,2094 
2621,2094 
2620,2093 
2619,2092 
2620,2093 
2619,2092 
2618,2091 
2615,2089 
2614,2088 
2615,2089 
2614,2088 
2613,2088 
2612,2087 
2613,2088 
2612,2087 
2611,2086 
2612,2087 
2611,2086 
2610,2086 
2611,2086 
2610,2086 
2609,2085 
2610,2086 
2609,2085 
2608,2084 
2609,2085 
2608,2084 
2607,2083 
2606,2083 
2607,2083 
2606,2083 
2605,2082 
2604,2081 
2603,2080 
2604,2081 
2603,2080 
2602,2080 
2603,2080 
2602,2080 
2601,2079 
2602,2080 
2601,2079 
2600,2078 
2599,2077 
2600,2078 
2599,2077 
2598,2076 
2595,2074 
2594,2073 
2593,2072 
2592,2071 
2593,2072 
2592,2071 
2591,2070 
2590,2070 
2591,2070 
2590,2070 
2589,2069 
2588,2068 
2587,2067 
2588,2068 
2587,2067 
2588,2068 
2587,2067 
2586,2066 
2585,2065 
2584,2064 
2583,2064 
2584,2064 
2583,2064 
2584,2064 
2583,2064 
2582,2063 
2583,2064 
2582,2063 
2581,2062 
2580,2061 
2581,2062 
2580,2061 
2579,2060 
2578,2060 
2575,2057 
2574,2056 
2573,2056 
2572,2055 
2573,2056 
2572,2055 
2573,2056 
2572,2055 
2571,2054 
2570,2053 
2569,2052 
2570,2053 
2569,2052 
2570,2053 
2569,2052 
2568,2052 
2569,2052 
2568,2052 
2567,2051 
2568,2052 
2567,2051 
2566,2050 
2567,2051 
2566,2050 
2565,2049 
2566,2050 
2565,2049 
2564,2048 
2563,2048 
2564,2048 
2563,2048 
2562,2047 
2561,2046 
2562,2047 
2561,2046 
2560,2045 
2559,2044 
2560,2045 
2559,2044 
2560,2045 
2559,2044 
2558,2044 
2555,2041 
2554,2040 
2553,2040 
2552,2039 
2553,2040 
2552,2039 
2551,2038 
2550,2037 
2551,2038 
2550,2037 
2549,2036 
2550,2037 
2549,2036 
2548,2036 
2547,2035 
2548,2036 
2547,2035 
2546,2034 
2547,2035 
2546,2034 
2545,2033 
2544,2032 
2543,2032 
2544,2032 
2543,2032 
2542,2031 
2543,2032 
2542,2031 
2541,2030 
2542,2031 
2541,2030 
2540,2029 
2539,2029 
2540,2029 
2539,2029 
2538,2028 
2535,2026 
2534,2025 
2535,2026 
2534,2025 
2533,2024 
2532,2023 
2533,2024 
2532,2023 
2531,2023 
2532,2023 
2531,2023 
2530,2022 
2531,2023 
2530,2022 
2529,2021 
2530,2022 
2529,2021 
2528,2020 
2529,2021 
2528,2020 
2527,2020 
2526,2019 
2527,2020 
2526,2019 
2525,2018 
2524,2017 
2523,2016 
2524,2017 
2523,2016 
2522,2016 
2521,2015 
2522,2016 
2521,2015 
2520,2014 
2521,2015 
2520,2014 
2519,2013 
2520,2014 
2519,2013 
2518,2012 
2515,2010 
2514,2009 
2513,2008 
2512,2007 
2513,2008 
2512,2007 
2511,2006 
2510,2006 
2509,2005 
2508,2004 
2507,2003 
2506,2002 
2505,2001 
2506,2002 
2505,2001 
2504,2000 
2505,2001 
2504,2000 
2503,2000 
2504,2000 
2503,2000 
2502,1999 
2503,2000 
2502,1999 
2501,1998 
2500,1997 
2501,1998 
2500,1997 
2499,1996 
2498,1996 
2495,1993 
2494,1992 
2493,1992 
2492,1991 
2493,1992 
2492,1991 
2493,1992 
2492,1991 
2491,1990 
2490,1989 
2491,1990 
2490,1989 
2489,1988 
2490,1989 
2489,1988 
2488,1988 
2487,1987 
2488,1988 
2487,1987 
2486,1986 
2487,1987 
2486,1986 
2485,1985 
2484,1984 
2483,1984 
2484,1984 
2483,1984 
2482,1983 
2483,1984 
2482,1983 
2481,1982 
2482,1983 
2481,1982 
2480,1981 
2479,1980 
2480,1981 
2479,1980 
2478,1980 
2475,1977 
2474,1976 
2473,1976 
2472,1975 
2473,1976 
2472,1975 
2471,1974 
2470,1973 
2471,1974 
2470,1973 
2469,1972 
2470,1973 
2469,1972 
2468,1972 
2467,1971 
2468,1972 
2467,1971 
2466,1970 
2467,1971 
2466,1970 
2465,1969 
2466,1970 
2465,1969 
2464,1968 
2465,1969 
2464,1968 
2463,1968 
2462,1967 
2463,1968 
2462,1967 
2461,1966 
2462,1967 
2461,1966 
2460,1965 
2459,1965 
2460,1965 
2459,1965 
2458,1964 
2455,1962 
2454,1961 
2453,1960 
2452,1959 
2453,1960 
2452,1959 
2451,1959 
2450,1958 
2451,1959 
2450,1958 
2449,1957 
2450,1958 
2449,1957 
2448,1956 
2449,1957 
2448,1956 
2447,1956 
2446,1955 
2447,1956 
2446,1955 
2445,1954 
2444,1953 
2443,1952 
2444,1953 
2443,1952 
2442,1952 
2441,1951 
2442,1952 
2441,1951 
2440,1950 
2439,1949 
2440,1950 
2439,1949 
2438,1948 
2435,1946 
2434,1945 
2433,1944 
2432,1943 
2431,1942 
2432,1943 
2431,1942 
2430,1942 
2429,1941 
2430,1942 
2429,1941 
2428,1940 
2429,1941 
2428,1940 
2427,1939 
2428,1940 
2427,1939 
2426,1938 
2425,1937 
2426,1938 
2425,1937 
2424,1936 
2425,1937 
2424,1936 
2423,1936 
2424,1936 
2423,1936 
2422,1935 
2423,1936 
2422,1935 
2421,1934 
2422,1935 
2421,1934 
2420,1933 
2421,1934 
2420,1933 
2419,1932 
2418,1932 
2415,1929 
2414,1928 
2413,1928 
2412,1927 
2413,1928 
2412,1927 
2413,1928 
2412,1927 
2411,1926 
2410,1925 
2411,1926 
2410,1925 
2409,1924 
2410,1925 
2409,1924 
2408,1924 
2407,1923 
2408,1924 
2407,1923 
2406,1922 
2407,1923 
2406,1922 
2405,1921 
2404,1920 
2403,1920 
2404,1920 
2403,1920 
2402,1919 
2403,1920 
2402,1919 
2401,1918 
2402,1919 
2401,1918 
2400,1917 
2401,1918 
2400,1917 
2399,1916 
2400,1917 
2399,1916 
2398,1916 
2395,1913 
2394,1912 
2393,1912 
2392,1911 
2393,1912 
2392,1911 
2391,1910 
2390,1909 
2391,1910 
2390,1909 
2389,1908 
2390,1909 
2389,1908 
2388,1908 
2387,1907 
2388,1908 
2387,1907 
2386,1906 
2387,1907 
2386,1906 
2385,1905 
2386,1906 
2385,1905 
2384,1904 
2383,1904 
2384,1904 
2383,1904 
2382,1903 
2383,1904 
2382,1903 
2381,1902 
2382,1903 
2381,1902 
2380,1901 
2379,1900 
2380,1901 
2379,1900 
2378,1900 
2375,1897 
2374,1896 
2373,1896 
2372,1895 
2373,1896 
2372,1895 
2371,1894 
2370,1893 
2371,1894 
2370,1893 
2369,1892 
2370,1893 
2369,1892 
2368,1892 
2367,1891 
2368,1892 
2367,1891 
2366,1890 
2367,1891 
2366,1890 
2365,1889 
2364,1888 
2363,1888 
2364,1888 
2363,1888 
2362,1887 
2363,1888 
2362,1887 
2361,1886 
2362,1887 
2361,1886 
2360,1885 
2361,1886 
2360,1885 
2359,1884 
2360,1885 
2359,1884 
2358,1884 
2355,1881 
2354,1880 
2353,1880 
2352,1879 
2351,1878 
2350,1877 
2351,1878 
2350,1877 
2349,1876 
2348,1876 
2349,1876 
2348,1876 
2347,1875 
2348,1876 
2347,1875 
2346,1874 
2345,1873 
2346,1874 
2345,1873 
2346,1874 
2345,1873 
2344,1872 
2345,1873 
2344,1872 
2343,1872 
2344,1872 
2343,1872 
2342,1871 
2343,1872 
2342,1871 
2341,1870 
2340,1869 
2341,1870 
2340,1869 
2339,1868 
2338,1868 
2335,1865 
2334,1864 
2333,1864 
2332,1863 
2333,1864 
2332,1863 
2331,1862 
2330,1861 
2331,1862 
2330,1861 
2329,1860 
2330,1861 
2329,1860 
2328,1860 
2327,1859 
2326,1858 
2327,1859 
2326,1858 
2325,1857 
2324,1856 
2323,1856 
2324,1856 
2323,1856 
2322,1855 
2321,1854 
2322,1855 
2321,1854 
2320,1853 
2319,1852 
2320,1853 
2319,1852 
2318,1852 
2315,1849 
2314,1848 
2313,1848 
2312,1847 
2311,1846 
2310,1845 
2311,1846 
2310,1845 
2309,1844 
2308,1844 
2307,1843 
2308,1844 
2307,1843 
2308,1844 
2307,1843 
2306,1842 
2307,1843 
2306,1842 
2305,1841 
2306,1842 
2305,1841 
2304,1840 
2305,1841 
2304,1840 
2303,1840 
2302,1839 
2303,1840 
2302,1839 
2303,1840 
2302,1839 
2301,1838 
2300,1837 
2301,1838 
2300,1837 
2299,1837 
2298,1836 
2295,1834 
2294,1833 
2293,1832 
2292,1831 
2293,1832 
2292,1831 
2291,1831 
2290,1830 
2291,1831 
2290,1830 
2289,1829 
2290,1830 
2289,1829 
2288,1828 
2287,1828 
2288,1828 
2287,1828 
2286,1827 
2287,1828 
2286,1827 
2285,1826 
2286,1827 
2285,1826 
2284,1825 
2283,1824 
2282,1824 
2283,1824 
2282,1824 
2281,1823 
2282,1824 
2281,1823 
2280,1822 
2281,1823 
2280,1822 
2279,1821 
2280,1822 
2279,1821 
2278,1820 
2275,1818 
2274,1817 
2273,1816 
2272,1815 
2271,1814 
2272,1815 
2271,1814 
2270,1814 
2269,1813 
2270,1814 
2269,1813 
2268,1812 
2269,1813 
2268,1812 
2267,1811 
2268,1812 
2267,1811 
2266,1810 
2267,1811 
2266,1810 
2265,1809 
2266,1810 
2265,1809 
2264,1808 
2265,1809 
2264,1808 
2263,1808 
2262,1807 
2263,1808 
2262,1807 
2261,1806 
2262,1807 
2261,1806 
2262,1807 
2261,1806 
2260,1805 
2261,1806 
2260,1805 
2259,1804 
2260,1805 
2259,1804 
2258,1804 
2255,1801 
2254,1800 
2253,1800 
2252,1799 
2253,1800 
2252,1799 
2251,1798 
2250,1797 
2251,1798 
2250,1797 
2249,1796 
2250,1797 
2249,1796 
2248,1796 
2247,1795 
2248,1796 
2247,1795 
2246,1794 
2247,1795 
2246,1794 
2245,1793 
2246,1794 
2245,1793 
2244,1792 
2243,1792 
2244,1792 
2243,1792 
2242,1791 
2243,1792 
2242,1791 
2241,1790 
2240,1789 
2239,1788 
2240,1789 
2239,1788 
2238,1788 
2235,1785 
2234,1784 
2233,1784 
2232,1783 
2231,1782 
2230,1781 
2231,1782 
2230,1781 
2229,1780 
2228,1780 
2229,1780 
2228,1780 
2227,1779 
2228,1780 
2227,1779 
2226,1778 
2225,1777 
2226,1778 
2225,1777 
2224,1776 
2223,1776 
2222,1775 
2223,1776 
2222,1775 
2221,1774 
2220,1773 
2221,1774 
2220,1773 
2219,1773 
2218,1772 
2215,1770 
2214,1769 
2213,1768 
2212,1767 
2213,1768 
2212,1767 
2211,1767 
2210,1766 
2211,1767 
2210,1766 
2209,1765 
2210,1766 
2209,1765 
2208,1764 
2207,1764 
2208,1764 
2207,1764 
2206,1763 
2207,1764 
2206,1763 
2207,1764 
2206,1763 
2205,1762 
2206,1763 
2205,1762 
2204,1761 
2205,1762 
2204,1761 
2203,1760 
2202,1760 
2203,1760 
2202,1760 
2201,1759 
2202,1760 
2201,1759 
2200,1758 
2201,1759 
2200,1758 
2199,1757 
2198,1756 
2195,1754 
2194,1753 
2193,1752 
2192,1751 
2191,1750 
2190,1750 
2191,1750 
2190,1750 
2189,1749 
2188,1748 
2189,1749 
2188,1748 
2187,1747 
2188,1748 
2187,1747 
2186,1746 
2185,1745 
2186,1746 
2185,1745 
2184,1744 
2185,1745 
2184,1744 
2183,1744 
2184,1744 
2183,1744 
2182,1743 
2183,1744 
2182,1743 
2181,1742 
2182,1743 
2181,1742 
2180,1741 
2181,1742 
2180,1741 
2179,1741 
2180,1741 
2179,1741 
2178,1740 
2175,1738 
2174,1737 
2173,1736 
2172,1735 
2173,1736 
2172,1735 
2171,1735 
2170,1734 
2171,1735 
2170,1734 
2169,1733 
2168,1732 
2167,1732 
2168,1732 
2167,1732 
2166,1731 
2167,1732 
2166,1731 
2165,1730 
2166,1731 
2165,1730 
2164,1729 
2165,1730 
2164,1729 
2163,1728 
2162,1728 
2163,1728 
2162,1728 
2161,1727 
2160,1726 
2161,1727 
2160,1726 
2159,1725 
2160,1726 
2159,1725 
2158,1724 
2155,1722 
2154,1721 
2153,1720 
2152,1719 
2151,1718 
2152,1719 
2151,1718 
2150,1718 
2149,1717 
2148,1716 
2149,1717 
2148,1716 
2147,1715 
2146,1714 
2147,1715 
2146,1714 
2145,1713 
2144,1712 
2143,1712 
2144,1712 
2143,1712 
2142,1711 
2141,1710 
2140,1709 
2141,1710 
2140,1709 
2139,1709 
2138,1708 
2135,1706 
2134,1705 
2133,1704 
2132,1703 
2133,1704 
2132,1703 
2131,1703 
2130,1702 
2131,1703 
2130,1702 
2129,1701 
2130,1702 
2129,1701 
2128,1700 
2127,1700 
2128,1700 
2127,1700 
2126,1699 
2127,1700 
2126,1699 
2125,1698 
2126,1699 
2125,1698 
2124,1697 
2123,1696 
2122,1696 
2123,1696 
2122,1696 
2121,1695 
2120,1694 
2121,1695 
2120,1694 
2119,1693 
2118,1692 
2115,1690 
2114,1689 
2113,1688 
2112,1687 
2111,1686 
2112,1687 
2111,1686 
2110,1686 
2109,1685 
2110,1686 
2109,1685 
2108,1684 
2107,1683 
2108,1684 
2107,1683 
2106,1682 
2107,1683 
2106,1682 
2105,1681 
2104,1680 
2105,1681 
2104,1680 
2103,1680 
2102,1679 
2103,1680 
2102,1679 
2101,1678 
2100,1677 
2099,1676 
2100,1677 
2099,1676 
2098,1676 
2095,1673 
2094,1672 
2093,1672 
2092,1671 
2093,1672 
2092,1671 
2091,1670 
2090,1669 
2091,1670 
2090,1669 
2089,1668 
2088,1668 
2087,1667 
2086,1666 
2087,1667 
2086,1666 
2085,1665 
2086,1666 
2085,1665 
2084,1664 
2083,1664 
2084,1664 
2083,1664 
2082,1663 
2083,1664 
2082,1663 
2081,1662 
2080,1661 
2079,1660 
2080,1661 
2079,1660 
2078,1660 
2075,1657 
2074,1656 
2073,1656 
2072,1655 
2071,1654 
2070,1653 
2069,1652 
2068,1652 
2069,1652 
2068,1652 
2067,1651 
2068,1652 
2067,1651 
2066,1650 
2067,1651 
2066,1650 
2065,1649 
2066,1650 
2065,1649 
2064,1648 
2065,1649 
2064,1648 
2063,1648 
2062,1647 
2063,1648 
2062,1647 
2063,1648 
2062,1647 
2061,1646 
2060,1645 
2061,1646 
2060,1645 
2059,1645 
2058,1644 
2055,1642 
2054,1641 
2053,1640 
2052,1639 
2053,1640 
2052,1639 
2051,1639 
2050,1638 
2051,1639 
2050,1638 
2049,1637 
2050,1638 
2049,1637 
2048,1636 
2049,1637 
2048,1636 
2047,1636 
2048,1636 
2047,1636 
2046,1635 
2047,1636 
2046,1635 
2045,1634 
2044,1633 
2045,1634 
2044,1633 
2043,1632 
2044,1633 
2043,1632 
2042,1632 
2043,1632 
2042,1632 
2041,1631 
2040,1630 
2041,1631 
2040,1630 
2039,1629 
2038,1628 
2035,1626 
2034,1625 
2033,1624 
2032,1623 
2031,1622 
2032,1623 
2031,1622 
2030,1622 
2029,1621 
2028,1620 
2029,1621 
2028,1620 
2027,1619 
2026,1618 
2025,1617 
2026,1618 
2025,1617 
2024,1616 
2023,1616 
2024,1616 
2023,1616 
2022,1615 
2023,1616 
2022,1615 
2021,1614 
2022,1615 
2021,1614 
2020,1613 
2021,1614 
2020,1613 
2019,1612 
2020,1613 
2019,1612 
2018,1612 
2015,1609 
2014,1608 
2013,1608 
2012,1607 
2011,1606 
2010,1605 
2011,1606 
2010,1605 
2009,1604 
2010,1605 
2009,1604 
2008,1604 
2007,1603 
2008,1604 
2007,1603 
2006,1602 
2007,1603 
2006,1602 
2005,1601 
2006,1602 
2005,1601 
2004,1600 
2005,1601 
2004,1600 
2003,1600 
2002,1599 
2003,1600 
2002,1599 
2001,1598 
2000,1597 
2001,1598 
2000,1597 
1999,1596 
2000,1597 
1999,1596 
1998,1596 
1995,1593 
1994,1592 
1993,1592 
1992,1591 
1991,1590 
1992,1591 
1991,1590 
1990,1589 
1989,1588 
1988,1588 
1989,1588 
1988,1588 
1987,1587 
1988,1588 
1987,1587 
1986,1586 
1985,1585 
1986,1586 
1985,1585 
1986,1586 
1985,1585 
1984,1584 
1985,1585 
1984,1584 
1983,1584 
1984,1584 
1983,1584 
1982,1583 
1983,1584 
1982,1583 
1981,1582 
1982,1583 
1981,1582 
1980,1581 
1981,1582 
1980,1581 
1981,1582 
1980,1581 
1979,1581 
1978,1580 
1975,1578 
1974,1577 
1973,1576 
1972,1575 
1973,1576 
1972,1575 
1971,1575 
1970,1574 
1971,1575 
1970,1574 
1969,1573 
1968,1572 
1967,1572 
1968,1572 
1967,1572 
1966,1571 
1967,1572 
1966,1571 
1965,1570 
1966,1571 
1965,1570 
1964,1569 
1965,1570 
1964,1569 
1963,1568 
1964,1569 
1963,1568 
1962,1568 
1963,1568 
1962,1568 
1961,1567 
1962,1568 
1961,1567 
1960,1566 
1961,1567 
1960,1566 
1959,1565 
1960,1566 
1959,1565 
1958,1564 
1955,1562 
1954,1561 
1953,1560 
1952,1559 
1953,1560 
1952,1559 
1951,1558 
1952,1559 
1951,1558 
1950,1558 
1951,1558 
1950,1558 
1949,1557 
1950,1558 
1949,1557 
1948,1556 
1947,1555 
1948,1556 
1947,1555 
1946,1554 
1947,1555 
1946,1554 
1945,1553 
1944,1552 
1945,1553 
1944,1552 
1943,1552 
1944,1552 
1943,1552 
1942,1551 
1943,1552 
1942,1551 
1941,1550 
1940,1549 
1941,1550 
1940,1549 
1939,1548 
1940,1549 
1939,1548 
1940,1549 
1939,1548 
1938,1548 
1935,1545 
1934,1544 
1933,1544 
1932,1543 
1933,1544 
1932,1543 
1931,1542 
1932,1543 
1931,1542 
1930,1541 
1929,1540 
1928,1540 
1927,1539 
1928,1540 
1927,1539 
1928,1540 
1927,1539 
1926,1538 
1925,1537 
1926,1538 
1925,1537 
1924,1536 
1925,1537 
1924,1536 
1923,1536 
1924,1536 
1923,1536 
1922,1535 
1923,1536 
1922,1535 
1921,1534 
1920,1533 
1921,1534 
1920,1533 
1919,1532 
1920,1533 
1919,1532 
1918,1532 
1915,1529 
1914,1528 
1913,1528 
1912,1527 
1911,1526 
1912,1527 
1911,1526 
1910,1525 
1911,1526 
1910,1525 
1909,1524 
1910,1525 
1909,1524 
1908,1524 
1909,1524 
1908,1524 
1907,1523 
1906,1522 
1905,1521 
1906,1522 
1905,1521 
1904,1520 
1903,1520 
1904,1520 
1903,1520 
1904,1520 
1903,1520 
1902,1519 
1901,1518 
1902,1519 
1901,1518 
1902,1519 
1901,1518 
1900,1517 
1901,1518 
1900,1517 
1899,1517 
1900,1517 
1899,1517 
1898,1516 
1895,1514 
1894,1513 
1893,1512 
1892,1511 
1891,1511 
1892,1511 
1891,1511 
1890,1510 
1889,1509 
1888,1508 
1889,1509 
1888,1508 
1887,1508 
1888,1508 
1887,1508 
1886,1507 
1887,1508 
1886,1507 
1885,1506 
1886,1507 
1885,1506 
1884,1505 
1885,1506 
1884,1505 
1883,1504 
1884,1505 
1883,1504 
1882,1504 
1883,1504 
1882,1504 
1881,1503 
1882,1504 
1881,1503 
1880,1502 
1881,1503 
1880,1502 
1879,1501 
1880,1502 
1879,1501 
1878,1500 
1875,1498 
1874,1497 
1873,1496 
1874,1497 
1873,1496 
1872,1495 
1871,1494 
1872,1495 
1871,1494 
1870,1494 
1871,1494 
1870,1494 
1869,1493 
1870,1494 
1869,1493 
1868,1492 
1869,1493 
1868,1492 
1867,1491 
1868,1492 
1867,1491 
1866,1490 
1867,1491 
1866,1490 
1865,1489 
1864,1488 
1865,1489 
1864,1488 
1863,1488 
1864,1488 
1863,1488 
1862,1487 
1861,1486 
1862,1487 
1861,1486 
1860,1485 
1861,1486 
1860,1485 
1859,1485 
1860,1485 
1859,1485 
1858,1484 
1855,1482 
1854,1481 
1853,1480 
1852,1479 
1851,1479 
1852,1479 
1851,1479 
1850,1478 
1849,1477 
1848,1476 
1849,1477 
1848,1476 
1847,1476 
1848,1476 
1847,1476 
1846,1475 
1845,1474 
1846,1475 
1845,1474 
1846,1475 
1845,1474 
1844,1473 
1845,1474 
1844,1473 
1843,1472 
1842,1472 
1843,1472 
1842,1472 
1841,1471 
1842,1472 
1841,1471 
1840,1470 
1841,1471 
1840,1470 
1841,1471 
1840,1470 
1839,1469 
1840,1470 
1839,1469 
1838,1468 
1835,1466 
1834,1465 
1833,1464 
1832,1463 
1831,1462 
1832,1463 
1831,1462 
1830,1462 
1831,1462 
1830,1462 
1829,1461 
1830,1462 
1829,1461 
1828,1460 
1829,1461 
1828,1460 
1827,1459 
1826,1458 
1825,1457 
1826,1458 
1825,1457 
1824,1456 
1823,1456 
1824,1456 
1823,1456 
1822,1455 
1821,1454 
1822,1455 
1821,1454 
1820,1453 
1821,1454 
1820,1453 
1819,1453 
1820,1453 
1819,1453 
1818,1452 
1815,1450 
1814,1449 
1813,1448 
1812,1447 
1811,1447 
1810,1446 
1811,1447 
1810,1446 
1809,1445 
1810,1446 
1809,1445 
1808,1444 
1807,1444 
1808,1444 
1807,1444 
1806,1443 
1807,1444 
1806,1443 
1805,1442 
1806,1443 
1805,1442 
1804,1441 
1805,1442 
1804,1441 
1803,1440 
1802,1440 
1803,1440 
1802,1440 
1801,1439 
1800,1438 
1801,1439 
1800,1438 
1799,1437 
1798,1436 
1795,1434 
1794,1433 
1793,1432 
1792,1431 
1791,1430 
1792,1431 
1791,1430 
1790,1430 
1791,1430 
1790,1430 
1789,1429 
1788,1428 
1787,1427 
1786,1426 
1787,1427 
1786,1426 
1785,1425 
1784,1424 
1785,1425 
1784,1424 
1783,1424 
1784,1424 
1783,1424 
1782,1423 
1781,1422 
1782,1423 
1781,1422 
1780,1421 
1779,1421 
1780,1421 
1779,1421 
1778,1420 
1775,1418 
1774,1417 
1773,1416 
1772,1415 
1771,1415 
1770,1414 
1769,1413 
1768,1412 
1767,1412 
1768,1412 
1767,1412 
1766,1411 
1767,1412 
1766,1411 
1765,1410 
1766,1411 
1765,1410 
1764,1409 
1765,1410 
1764,1409 
1763,1408 
1762,1408 
1763,1408 
1762,1408 
1761,1407 
1760,1406 
1761,1407 
1760,1406 
1759,1405 
1758,1404 
1755,1402 
1754,1401 
1753,1400 
1752,1399 
1751,1398 
1752,1399 
1751,1398 
1750,1398 
1749,1397 
1748,1396 
1749,1397 
1748,1396 
1747,1395 
1746,1394 
1745,1393 
1746,1394 
1745,1393 
1744,1392 
1743,1392 
1744,1392 
1743,1392 
1742,1391 
1743,1392 
1742,1391 
1741,1390 
1742,1391 
1741,1390 
1740,1389 
1741,1390 
1740,1389 
1739,1389 
1738,1388 
1735,1386 
1734,1385 
1733,1384 
1732,1383 
1731,1383 
1730,1382 
1729,1381 
1728,1380 
1727,1380 
1728,1380 
1727,1380 
1726,1379 
1725,1378 
1726,1379 
1725,1378 
1724,1377 
1723,1376 
1724,1377 
1723,1376 
1722,1376 
1723,1376 
1722,1376 
1721,1375 
1720,1374 
1721,1375 
1720,1374 
1719,1373 
1718,1372 
1715,1370 
1714,1369 
1713,1368 
1712,1367 
1711,1366 
1710,1366 
1711,1366 
1710,1366 
1709,1365 
1708,1364 
1707,1363 
1706,1362 
1705,1361 
1704,1360 
1703,1360 
1704,1360 
1703,1360 
1702,1359 
1701,1358 
1702,1359 
1701,1358 
1700,1357 
1699,1357 
1700,1357 
1699,1357 
1698,1356 
1695,1354 
1694,1353 
1693,1352 
1692,1351 
1691,1351 
1690,1350 
1689,1349 
1688,1348 
1689,1349 
1688,1348 
1687,1348 
1686,1347 
1685,1346 
1686,1347 
1685,1346 
1684,1345 
1685,1346 
1684,1345 
1683,1344 
1684,1345 
1683,1344 
1682,1344 
1683,1344 
1682,1344 
1681,1343 
1680,1342 
1681,1343 
1680,1342 
1679,1341 
1678,1340 
1675,1338 
1674,1337 
1673,1336 
1672,1335 
1671,1334 
1672,1335 
1671,1334 
1670,1334 
1671,1334 
1670,1334 
1669,1333 
1670,1334 
1669,1333 
1668,1332 
1667,1331 
1666,1330 
1665,1329 
1664,1328 
1663,1328 
1664,1328 
1663,1328 
1662,1327 
1661,1326 
1662,1327 
1661,1326 
1660,1325 
1661,1326 
1660,1325 
1659,1325 
1660,1325 
1659,1325 
1658,1324 
1655,1322 
1654,1321 
1653,1320 
1652,1319 
1651,1319 
1652,1319 
1651,1319 
1650,1318 
1651,1319 
1650,1318 
1649,1317 
1648,1316 
1649,1317 
1648,1316 
1647,1316 
1646,1315 
1645,1314 
1646,1315 
1645,1314 
1644,1313 
1643,1312 
1644,1313 
1643,1312 
1642,1312 
1641,1311 
1642,1312 
1641,1311 
1640,1310 
1639,1309 
1640,1310 
1639,1309 
1638,1308 
1634,1305 
1635,1306 
1634,1305 
1633,1304 
1632,1303 
1633,1304 
1632,1303 
1631,1302 
1630,1302 
1631,1302 
1630,1302 
1629,1301 
1628,1300 
1629,1301 
1628,1300 
1629,1301 
1628,1300 
1627,1299 
1626,1298 
1625,1297 
1624,1296 
1625,1297 
1624,1296 
1623,1296 
1622,1295 
1623,1296 
1622,1295 
1621,1294 
1620,1293 
1619,1293 
1618,1292 
1615,1290 
1614,1289 
1613,1288 
1612,1287 
1613,1288 
1612,1287 
1611,1287 
1612,1287 
1611,1287 
1610,1286 
1611,1287 
1610,1286 
1609,1285 
1610,1286 
1609,1285 
1608,1284 
1607,1284 
1606,1283 
1605,1282 
1606,1283 
1605,1282 
1604,1281 
1603,1280 
1604,1281 
1603,1280 
1602,1280 
1601,1279 
1602,1280 
1601,1279 
1600,1278 
1601,1279 
1600,1278 
1599,1277 
1600,1278 
1599,1277 
1598,1276 
1595,1274 
1594,1273 
1593,1272 
1592,1271 
1591,1270 
1592,1271 
1591,1270 
1590,1270 
1591,1270 
1590,1270 
1589,1269 
1590,1270 
1589,1269 
1588,1268 
1587,1267 
1588,1268 
1587,1267 
1586,1266 
1587,1267 
1586,1266 
1585,1265 
1584,1264 
1583,1264 
1584,1264 
1583,1264 
1582,1263 
1581,1262 
1582,1263 
1581,1262 
1580,1261 
1579,1261 
1580,1261 
1579,1261 
1578,1260 
1575,1258 
1574,1257 
1573,1256 
1572,1255 
1573,1256 
1572,1255 
1571,1255 
1572,1255 
1571,1255 
1570,1254 
1571,1255 
1570,1254 
1569,1253 
1570,1254 
1569,1253 
1568,1252 
1569,1253 
1568,1252 
1567,1252 
1566,1251 
1565,1250 
1564,1249 
1563,1248 
1564,1249 
1563,1248 
1562,1248 
1561,1247 
1562,1248 
1561,1247 
1560,1246 
1559,1245 
1560,1246 
1559,1245 
1558,1244 
1554,1241 
1555,1242 
1553,1240 
1552,1239 
1551,1238 
1550,1238 
1551,1238 
1550,1238 
1549,1237 
1548,1236 
1549,1237 
1548,1236 
1547,1235 
1548,1236 
1547,1235 
1546,1234 
1545,1233 
1544,1232 
1545,1233 
1544,1232 
1543,1232 
1542,1231 
1543,1232 
1542,1231 
1541,1230 
1542,1231 
1541,1230 
1540,1229 
1539,1229 
1538,1228 
1539,1229 
1538,1228 
1537,1227 
1534,1225 
1535,1226 
1534,1225 
1533,1224 
1532,1223 
1533,1224 
1532,1223 
1531,1223 
1532,1223 
1531,1223 
1530,1222 
1531,1223 
1530,1222 
1529,1221 
1530,1222 
1529,1221 
1528,1220 
1529,1221 
1528,1220 
1527,1220 
1526,1219 
1525,1218 
1526,1219 
1525,1218 
1524,1217 
1523,1216 
1524,1217 
1523,1216 
1522,1216 
1521,1215 
1522,1216 
1521,1215 
1520,1214 
1521,1215 
1520,1214 
1519,1213 
1520,1214 
1519,1213 
1518,1212 
1514,1209 
1515,1210 
1514,1209 
1513,1208 
1512,1207 
1511,1206 
1512,1207 
1511,1206 
1510,1206 
1511,1206 
1510,1206 
1509,1205 
1510,1206 
1509,1205 
1508,1204 
1509,1205 
1508,1204 
1507,1203 
1508,1204 
1507,1203 
1506,1202 
1507,1203 
1506,1202 
1505,1201 
1504,1200 
1503,1200 
1504,1200 
1503,1200 
1502,1199 
1501,1198 
1502,1199 
1501,1198 
1500,1197 
1499,1197 
1500,1197 
1499,1197 
1498,1196 
1495,1194 
1494,1193 
1493,1192 
1492,1191 
1493,1192 
1492,1191 
1491,1191 
1492,1191 
1491,1191 
1490,1190 
1491,1191 
1490,1190 
1489,1189 
1490,1190 
1489,1189 
1488,1188 
1487,1188 
1486,1187 
1485,1186 
1486,1187 
1485,1186 
1484,1185 
1483,1184 
1484,1185 
1483,1184 
1482,1184 
1481,1183 
1482,1184 
1481,1183 
1480,1182 
1479,1181 
1480,1182 
1479,1181 
1478,1180 
1475,1178 
1474,1177 
1473,1176 
1472,1176 
1473,1176 
1472,1176 
1471,1175 
1470,1174 
1471,1175 
1470,1174 
1469,1173 
1470,1174 
1469,1173 
1468,1172 
1467,1172 
1468,1172 
1467,1172 
1466,1171 
1465,1170 
1466,1171 
1465,1170 
1464,1169 
1463,1168 
1462,1168 
1463,1168 
1462,1168 
1461,1167 
1462,1168 
1461,1167 
1460,1166 
1459,1165 
1458,1164 
1459,1165 
1458,1164 
1457,1164 
1454,1161 
1453,1160 
1452,1160 
1453,1160 
1452,1160 
1451,1159 
1450,1158 
1451,1159 
1450,1158 
1449,1157 
1448,1156 
1447,1156 
1448,1156 
1447,1156 
1446,1155 
1447,1156 
1446,1155 
1445,1154 
1444,1153 
1443,1152 
1444,1153 
1443,1152 
1442,1152 
1441,1151 
1442,1152 
1441,1151 
1440,1150 
1439,1149 
1440,1150 
1439,1149 
1438,1148 
1434,1145 
1435,1146 
1434,1145 
1433,1144 
1432,1143 
1433,1144 
1432,1143 
1431,1142 
1430,1142 
1431,1142 
1430,1142 
1429,1141 
1428,1140 
1429,1141 
1428,1140 
1427,1139 
1428,1140 
1427,1139 
1426,1138 
1427,1139 
1426,1138 
1425,1137 
1426,1138 
1425,1137 
1424,1136 
1425,1137 
1424,1136 
1423,1136 
1422,1135 
1421,1134 
1420,1133 
1419,1133 
1420,1133 
1419,1133 
1418,1132 
1417,1131 
1414,1129 
1415,1130 
1414,1129 
1413,1128 
1412,1127 
1413,1128 
1412,1127 
1411,1127 
1412,1127 
1411,1127 
1410,1126 
1411,1127 
1410,1126 
1409,1125 
1410,1126 
1409,1125 
1408,1124 
1407,1124 
1406,1123 
1405,1122 
1404,1121 
1403,1120 
1404,1121 
1403,1120 
1402,1120 
1401,1119 
1400,1118 
1399,1117 
1400,1118 
1399,1117 
1398,1116 
1399,1117 
1398,1116 
1394,1113 
1393,1112 
1392,1112 
1391,1111 
1390,1110 
1389,1109 
1388,1108 
1387,1108 
1386,1107 
1385,1106 
1386,1107 
1385,1106 
1384,1105 
1383,1104 
1382,1104 
1381,1103 
1380,1102 
1379,1101 
1378,1100 
1379,1101 
1378,1100 
1377,1100 
1374,1097 
1375,1098 
1374,1097 
1373,1096 
1372,1096 
1373,1096 
1372,1096 
1371,1095 
1370,1094 
1371,1095 
1370,1094 
1369,1093 
1368,1092 
1367,1092 
1366,1091 
1365,1090 
1364,1089 
1363,1088 
1364,1089 
1363,1088 
1362,1088 
1361,1087 
1360,1086 
1359,1085 
1360,1086 
1359,1085 
1358,1084 
1354,1081 
1355,1082 
1353,1080 
1352,1079 
1351,1078 
1350,1078 
1351,1078 
1350,1078 
1349,1077 
1348,1076 
1347,1075 
1348,1076 
1347,1075 
1346,1074 
1347,1075 
1346,1074 
1345,1073 
1344,1072 
1345,1073 
1344,1072 
1343,1072 
1342,1071 
1341,1070 
1342,1071 
1341,1070 
1340,1069 
1339,1069 
1340,1069 
1339,1069 
1338,1068 
1335,1066 
1334,1065 
1333,1064 
1332,1063 
1333,1064 
1332,1063 
1331,1063 
1330,1062 
1331,1063 
1330,1062 
1329,1061 
1328,1060 
1327,1060 
1326,1059 
1327,1060 
1326,1059 
1325,1058 
1324,1057 
1323,1056 
1324,1057 
1323,1056 
1322,1056 
1321,1055 
1320,1054 
1319,1053 
1320,1054 
1319,1053 
1318,1052 
1319,1053 
1318,1052 
1314,1049 
1315,1050 
1313,1048 
1314,1049 
1313,1048 
1312,1048 
1311,1047 
1310,1046 
1311,1047 
1310,1046 
1309,1045 
1310,1046 
1309,1045 
1308,1044 
1309,1045 
1308,1044 
1307,1044 
1308,1044 
1307,1044 
1306,1043 
1305,1042 
1306,1043 
1305,1042 
1304,1041 
1305,1042 
1304,1041 
1303,1040 
1304,1041 
1303,1040 
1302,1040 
1303,1040 
1302,1040 
1301,1039 
1302,1040 
1301,1039 
1300,1038 
1299,1037 
1300,1038 
1299,1037 
1298,1036 
1297,1036 
1294,1033 
1295,1034 
1294,1033 
1293,1032 
1292,1032 
1293,1032 
1292,1032 
1291,1031 
1290,1030 
1291,1031 
1290,1030 
1289,1029 
1290,1030 
1289,1029 
1288,1028 
1289,1029 
1288,1028 
1287,1028 
1286,1027 
1285,1026 
1286,1027 
1285,1026 
1284,1025 
1283,1024 
1284,1025 
1283,1024 
1282,1024 
1281,1023 
1282,1024 
1281,1023 
1280,1022 
1281,1023 
1280,1022 
1279,1021 
1280,1022 
1279,1021 
1278,1020 
1275,1018 
1274,1017 
1273,1016 
1274,1017 
1273,1016 
1272,1015 
1273,1016 
1272,1015 
1271,1014 
1270,1014 
1271,1014 
1270,1014 
1269,1013 
1268,1012 
1267,1011 
1268,1012 
1267,1011 
1266,1010 
1267,1011 
1266,1010 
1265,1009 
1264,1008 
1263,1008 
1264,1008 
1263,1008 
1262,1007 
1261,1006 
1262,1007 
1261,1006 
1260,1005 
1259,1005 
1260,1005 
1259,1005 
1258,1004 
1255,1002 
1254,1001 
1253,1000 
1252,999 
1253,1000 
1252,999 
1251,999 
1252,999 
1251,999 
1250,998 
1251,999 
1250,998 
1249,997 
1250,998 
1249,997 
1248,996 
1249,997 
1248,996 
1247,996 
1246,995 
1247,996 
1246,995 
1245,994 
1244,993 
1243,992 
1244,993 
1243,992 
1242,992 
1241,991 
1242,992 
1241,991 
1240,990 
1239,989 
1240,990 
1239,989 
1238,988 
1239,989 
1238,988 
1235,986 
1234,985 
1233,984 
1232,984 
1231,983 
1232,984 
1231,983 
1230,982 
1229,981 
1230,982 
1229,981 
1228,980 
1227,980 
1226,979 
1227,980 
1226,979 
1225,978 
1226,979 
1225,978 
1224,977 
1225,978 
1224,977 
1223,976 
1224,977 
1223,976 
1222,976 
1221,975 
1222,976 
1221,975 
1220,974 
1221,975 
1220,974 
1219,973 
1220,974 
1219,973 
1218,972 
1217,972 
1214,969 
1215,970 
1214,969 
1213,968 
1212,968 
1213,968 
1212,968 
1211,967 
1210,966 
1209,965 
1208,964 
1209,965 
1208,964 
1207,964 
1206,963 
1205,962 
1204,961 
1203,960 
1204,961 
1203,960 
1202,960 
1201,959 
1200,958 
1199,957 
1200,958 
1199,957 
1198,956 
1199,957 
1198,956 
1195,954 
1194,953 
1193,952 
1192,951 
1191,950 
1190,950 
1191,950 
1190,950 
1189,949 
1190,950 
1189,949 
1188,948 
1189,949 
1188,948 
1189,949 
1188,948 
1187,947 
1186,946 
1187,947 
1186,946 
1185,945 
1186,946 
1185,945 
1184,944 
1185,945 
1184,944 
1183,944 
1184,944 
1183,944 
1182,943 
1183,944 
1182,943 
1181,942 
1182,943 
1181,942 
1182,943 
1181,942 
1180,942 
1181,942 
1180,942 
1179,941 
1178,940 
1179,941 
1178,940 
1177,939 
1174,937 
1175,938 
1174,937 
1173,936 
1172,936 
1173,936 
1172,936 
1171,935 
1172,936 
1171,935 
1170,934 
1169,934 
1168,933 
1169,934 
1168,933 
1167,932 
1166,931 
1167,932 
1166,931 
1165,931 
1164,930 
1165,931 
1164,930 
1163,929 
1164,930 
1163,929 
1162,928 
1163,929 
1162,928 
1161,928 
1160,927 
1161,928 
1160,927 
1159,926 
1160,927 
1159,926 
1158,925 
1159,926 
1158,925 
1157,924 
1154,922 
1153,921 
1152,920 
1151,919 
1152,920 
1151,919 
1150,918 
1149,918 
1150,918 
1149,918 
1148,917 
1147,916 
1146,915 
1147,916 
1146,915 
1145,914 
1146,915 
1145,914 
1144,913 
1145,914 
1144,913 
1143,912 
1142,912 
1141,911 
1142,912 
1141,911 
1140,910 
1141,911 
1140,910 
1139,909 
1140,910 
1139,909 
1138,908 
1139,909 
1138,908 
1137,908 
1134,905 
1135,906 
1133,904 
1134,905 
1133,904 
1132,904 
1133,904 
1132,904 
1131,903 
1130,902 
1131,903 
1130,902 
1129,901 
1130,902 
1129,901 
1128,900 
1127,900 
1128,900 
1127,900 
1126,899 
1127,900 
1126,899 
1125,898 
1124,897 
1123,896 
1124,897 
1123,896 
1122,896 
1121,895 
1122,896 
1121,895 
1120,894 
1119,893 
1120,894 
1119,893 
1118,892 
1119,893 
1118,892 
1117,891 
1114,889 
1115,890 
1113,888 
1114,889 
1113,888 
1112,887 
1113,888 
1112,887 
1111,886 
1110,886 
1111,886 
1110,886 
1109,885 
1110,886 
1109,885 
1108,884 
1109,885 
1108,884 
1107,883 
1108,884 
1107,883 
1106,882 
1105,881 
1106,882 
1105,881 
1104,880 
1103,880 
1102,879 
1103,880 
1102,879 
1101,878 
1100,877 
1101,878 
1100,877 
1099,877 
1100,877 
1099,877 
1098,876 
1099,877 
1098,876 
1097,875 
1094,873 
1095,874 
1094,873 
1093,872 
1094,873 
1093,872 
1092,871 
1093,872 
1092,871 
1091,871 
1090,870 
1091,871 
1090,870 
1091,871 
1090,870 
1089,869 
1088,868 
1087,868 
1088,868 
1087,868 
1086,867 
1087,868 
1086,867 
1085,866 
1084,865 
1085,866 
1084,865 
1083,864 
1084,865 
1083,864 
1082,864 
1083,864 
1082,864 
1081,863 
1082,864 
1081,863 
1080,862 
1081,863 
1080,862 
1079,861 
1078,860 
1079,861 
1078,860 
1077,860 
1074,857 
1073,856 
1072,856 
1071,855 
1072,856 
1071,855 
1070,854 
1069,853 
1068,852 
1069,853 
1068,852 
1067,852 
1066,851 
1067,852 
1066,851 
1065,850 
1064,849 
1065,850 
1064,849 
1063,848 
1062,848 
1061,847 
1062,848 
1061,847 
1060,846 
1061,847 
1060,846 
1059,845 
1060,846 
1059,845 
1058,844 
1057,844 
1054,841 
1055,842 
1053,840 
1054,841 
1053,840 
1052,840 
1053,840 
1052,840 
1051,839 
1050,838 
1051,839 
1050,838 
1049,837 
1048,836 
1047,836 
1048,836 
1047,836 
1046,835 
1047,836 
1046,835 
1045,834 
1044,833 
1045,834 
1044,833 
1043,832 
1044,833 
1043,832 
1042,832 
1043,832 
1042,832 
1041,831 
1042,832 
1041,831 
1040,830 
1039,829 
1040,830 
1039,829 
1038,828 
1039,829 
1038,828 
1035,826 
1034,825 
1033,824 
1032,823 
1033,824 
1032,823 
1031,822 
1030,822 
1031,822 
1030,822 
1029,821 
1028,820 
1029,821 
1028,820 
1027,819 
1028,820 
1027,819 
1026,818 
1025,817 
1026,818 
1025,817 
1024,816 
1025,817 
1024,816 
1023,816 
1022,815 
1023,816 
1022,815 
1021,814 
1020,813 
1021,814 
1020,813 
1019,813 
1018,812 
1019,813 
1018,812 
1017,811 
1014,809 
1015,810 
1014,809 
1013,808 
1012,807 
1013,808 
1012,807 
1011,807 
1010,806 
1011,807 
1010,806 
1009,805 
1008,804 
1007,804 
1008,804 
1007,804 
1006,803 
1007,804 
1006,803 
1005,802 
1006,803 
1005,802 
1006,803 
1005,802 
1004,801 
1003,800 
1002,800 
1003,800 
1002,800 
1003,800 
1002,800 
1001,799 
1000,798 
999,797 
998,796 
999,797 
998,796 
999,797 
998,796 
997,796 
994,793 
993,792 
992,792 
991,791 
990,790 
991,791 
990,790 
989,789 
990,790 
989,789 
988,788 
989,789 
988,788 
987,788 
986,787 
985,786 
986,787 
985,786 
984,785 
985,786 
984,785 
983,784 
984,785 
983,784 
982,784 
983,784 
982,784 
981,783 
982,784 
981,783 
980,782 
979,781 
980,782 
979,781 
978,780 
979,781 
978,780 
977,780 
974,777 
973,776 
972,776 
971,775 
972,776 
971,775 
970,774 
971,775 
970,774 
971,775 
970,774 
969,773 
970,774 
969,773 
968,772 
967,772 
968,772 
967,772 
966,771 
967,772 
966,771 
965,770 
964,769 
965,770 
964,769 
963,768 
964,769 
963,768 
962,768 
963,768 
962,768 
961,767 
960,766 
959,765 
960,766 
959,765 
958,764 
959,765 
958,764 
957,763 
954,761 
953,760 
952,759 
951,758 
952,759 
951,758 
950,758 
949,757 
950,758 
949,757 
948,756 
949,757 
948,756 
947,755 
948,756 
947,755 
946,754 
947,755 
946,754 
945,753 
946,754 
945,753 
944,752 
945,753 
944,752 
943,752 
942,751 
943,752 
942,751 
943,752 
942,751 
941,750 
942,751 
941,750 
940,749 
941,750 
940,749 
939,749 
940,749 
939,749 
938,748 
939,749 
938,748 
937,747 
934,745 
935,746 
934,745 
933,744 
932,743 
933,744 
932,743 
931,743 
930,742 
931,743 
930,742 
929,741 
928,740 
927,740 
928,740 
927,740 
926,739 
927,740 
926,739 
925,738 
924,737 
925,738 
924,737 
923,736 
922,736 
923,736 
922,736 
921,735 
922,736 
921,735 
920,734 
921,735 
920,734 
919,733 
918,732 
919,733 
918,732 
917,732 
914,729 
913,728 
912,728 
911,727 
912,728 
911,727 
910,726 
911,727 
910,726 
909,725 
910,726 
909,725 
908,724 
909,725 
908,724 
907,724 
908,724 
907,724 
906,723 
905,722 
906,723 
905,722 
904,721 
905,722 
904,721 
903,720 
904,721 
903,720 
902,720 
903,720 
902,720 
901,719 
902,720 
901,719 
900,718 
901,719 
900,718 
899,717 
900,718 
899,717 
898,716 
899,717 
898,716 
897,716 
894,713 
893,712 
892,712 
891,711 
892,712 
891,711 
892,712 
891,711 
890,710 
889,709 
890,710 
889,709 
888,708 
889,709 
888,708 
887,708 
888,708 
887,708 
886,707 
887,708 
886,707 
885,706 
886,707 
885,706 
884,705 
885,706 
884,705 
883,704 
882,704 
883,704 
882,704 
881,703 
882,704 
881,703 
880,702 
879,701 
880,702 
879,701 
878,700 
879,701 
878,700 
877,699 
874,697 
875,698 
874,697 
873,696 
872,695 
871,694 
872,695 
871,694 
870,694 
871,694 
870,694 
869,693 
870,694 
869,693 
868,692 
869,693 
868,692 
867,691 
866,690 
867,691 
866,690 
865,689 
866,690 
865,689 
864,688 
865,689 
864,688 
863,688 
864,688 
863,688 
862,687 
863,688 
862,687 
861,686 
862,687 
861,686 
860,685 
861,686 
860,685 
859,685 
858,684 
859,685 
858,684 
857,683 
854,681 
855,682 
854,681 
853,680 
852,679 
853,680 
852,679 
851,679 
850,678 
851,679 
850,678 
849,677 
848,676 
849,677 
848,676 
849,677 
848,676 
847,676 
846,675 
847,676 
846,675 
845,674 
844,673 
845,674 
844,673 
843,672 
842,672 
843,672 
842,672 
841,671 
840,670 
841,671 
840,670 
839,669 
838,668 
839,669 
838,668 
837,668 
834,665 
833,664 
832,664 
831,663 
832,664 
831,663 
830,662 
829,661 
828,660 
829,661 
828,660 
827,660 
828,660 
827,660 
826,659 
825,658 
826,659 
825,658 
826,659 
825,658 
824,657 
823,656 
824,657 
823,656 
824,657 
823,656 
822,656 
823,656 
822,656 
821,655 
820,654 
821,655 
820,654 
819,653 
820,654 
819,653 
818,652 
819,653 
818,652 
817,652 
814,649 
813,648 
812,648 
811,647 
812,648 
811,647 
810,646 
811,647 
810,646 
809,645 
810,646 
809,645 
808,644 
809,645 
808,644 
807,644 
808,644 
807,644 
806,643 
805,642 
806,643 
805,642 
804,641 
805,642 
804,641 
803,640 
802,640 
803,640 
802,640 
801,639 
802,640 
801,639 
800,638 
801,639 
800,638 
799,637 
800,638 
799,637 
798,636 
799,637 
798,636 
799,637 
798,636 
797,635 
794,633 
793,632 
792,631 
791,630 
792,631 
791,630 
790,630 
791,630 
790,630 
789,629 
790,630 
789,629 
790,630 
789,629 
788,628 
789,629 
788,628 
787,627 
788,628 
787,627 
786,626 
785,625 
786,626 
785,625 
784,624 
785,625 
784,624 
785,625 
784,624 
783,624 
782,623 
783,624 
782,623 
781,622 
780,621 
781,622 
780,621 
779,621 
778,620 
779,621 
778,620 
777,619 
774,617 
775,618 
774,617 
773,616 
772,615 
773,616 
772,615 
771,615 
770,614 
771,615 
770,614 
771,615 
770,614 
769,613 
768,612 
767,612 
768,612 
767,612 
766,611 
767,612 
766,611 
765,610 
764,609 
765,610 
764,609 
763,608 
762,608 
763,608 
762,608 
761,607 
760,606 
759,605 
758,604 
759,605 
758,604 
757,604 
754,601 
753,600 
752,600 
751,599 
752,600 
751,599 
750,598 
751,599 
750,598 
749,597 
750,598 
749,597 
748,596 
749,597 
748,596 
747,596 
746,595 
747,596 
746,595 
745,594 
746,595 
745,594 
746,595 
745,594 
744,593 
745,594 
744,593 
743,592 
744,593 
743,592 
742,592 
743,592 
742,592 
741,591 
742,592 
741,591 
740,590 
741,591 
740,590 
739,589 
740,590 
739,589 
738,588 
739,589 
738,588 
737,588 
734,585 
733,584 
734,585 
733,584 
732,584 
733,584 
732,584 
731,583 
730,582 
731,583 
730,582 
729,581 
728,580 
729,581 
728,580 
727,580 
728,580 
727,580 
726,579 
727,580 
726,579 
725,578 
726,579 
725,578 
726,579 
725,578 
724,577 
723,576 
722,576 
723,576 
722,576 
721,575 
720,574 
719,573 
720,574 
719,573 
718,572 
719,573 
718,572 
717,571 
714,569 
713,568 
712,567 
711,566 
712,567 
711,566 
710,566 
709,565 
708,564 
709,565 
708,564 
707,563 
708,564 
707,563 
706,562 
705,561 
706,562 
705,561 
704,560 
705,561 
704,560 
703,560 
702,559 
703,560 
702,559 
701,558 
700,557 
701,558 
700,557 
699,557 
698,556 
699,557 
698,556 
697,555 
694,553 
695,554 
694,553 
693,552 
692,551 
693,552 
692,551 
691,551 
692,551 
691,551 
690,550 
691,551 
690,550 
689,549 
688,548 
687,548 
688,548 
687,548 
686,547 
687,548 
686,547 
685,546 
686,547 
685,546 
684,545 
685,546 
684,545 
683,544 
682,544 
683,544 
682,544 
681,543 
682,544 
681,543 
680,542 
681,543 
680,542 
679,541 
680,542 
679,541 
678,540 
679,541 
678,540 
679,541 
678,540 
677,540 
674,537 
673,536 
672,536 
671,535 
672,536 
671,535 
672,536 
671,535 
670,534 
671,535 
670,534 
669,533 
670,534 
669,533 
668,532 
669,533 
668,532 
667,532 
668,532 
667,532 
666,531 
665,530 
666,531 
665,530 
664,529 
663,528 
664,529 
663,528 
662,528 
663,528 
662,528 
661,527 
662,528 
661,527 
660,526 
661,527 
660,526 
659,525 
660,526 
659,525 
658,524 
657,524 
654,521 
653,520 
654,521 
653,520 
652,520 
651,519 
650,518 
651,519 
650,518 
649,517 
650,518 
649,517 
648,516 
649,517 
648,516 
647,516 
648,516 
647,516 
646,515 
647,516 
646,515 
645,514 
646,515 
645,514 
644,513 
645,514 
644,513 
643,512 
644,513 
643,512 
642,512 
643,512 
642,512 
641,511 
642,512 
641,511 
640,510 
641,511 
640,510 
639,509 
638,508 
639,509 
638,508 
637,507 
634,505 
635,506 
634,505 
633,504 
632,503 
631,502 
632,503 
631,502 
630,502 
629,501 
630,502 
629,501 
628,500 
629,501 
628,500 
627,499 
626,498 
627,499 
626,498 
625,497 
626,498 
625,497 
624,496 
623,496 
624,496 
623,496 
622,495 
621,494 
620,493 
621,494 
620,493 
619,493 
620,493 
619,493 
618,492 
619,493 
618,492 
617,491 
614,489 
615,490 
614,489 
613,488 
612,487 
613,488 
612,487 
611,487 
610,486 
611,487 
610,486 
611,487 
610,486 
609,485 
608,484 
607,484 
608,484 
607,484 
606,483 
607,484 
606,483 
605,482 
604,481 
605,482 
604,481 
603,480 
602,480 
603,480 
602,480 
601,479 
602,480 
601,479 
600,478 
601,479 
600,478 
599,477 
598,476 
599,477 
598,476 
597,476 
594,473 
593,472 
592,472 
591,471 
592,472 
591,471 
590,470 
591,471 
590,470 
589,469 
590,470 
589,469 
588,468 
589,469 
588,468 
589,469 
588,468 
587,468 
586,467 
587,468 
586,467 
585,466 
586,467 
585,466 
584,465 
585,466 
584,465 
583,464 
584,465 
583,464 
582,464 
581,463 
582,464 
581,463 
580,462 
581,463 
580,462 
579,461 
580,462 
579,461 
578,460 
579,461 
578,460 
577,460 
574,457 
573,456 
572,456 
571,455 
572,456 
571,455 
570,454 
571,455 
570,454 
569,453 
570,454 
569,453 
568,452 
569,453 
568,452 
567,452 
568,452 
567,452 
566,451 
565,450 
566,451 
565,450 
564,449 
565,450 
564,449 
565,450 
564,449 
563,448 
564,449 
563,448 
562,448 
563,448 
562,448 
563,448 
562,448 
561,447 
562,448 
561,447 
560,446 
561,447 
560,446 
559,445 
560,446 
559,445 
558,444 
559,445 
558,444 
559,445 
558,444 
557,443 
554,441 
553,440 
552,439 
551,438 
550,438 
551,438 
550,438 
549,437 
550,438 
549,437 
548,436 
549,437 
548,436 
547,435 
548,436 
547,435 
546,434 
547,435 
546,434 
545,433 
546,434 
545,433 
544,432 
545,433 
544,432 
543,432 
542,431 
543,432 
542,431 
541,430 
542,431 
541,430 
540,429 
541,430 
540,429 
539,429 
538,428 
539,429 
538,428 
539,429 
538,428 
537,427 
534,425 
535,426 
534,425 
533,424 
532,423 
533,424 
532,423 
531,423 
530,422 
531,423 
530,422 
531,423 
530,422 
529,421 
528,420 
527,420 
528,420 
527,420 
526,419 
527,420 
526,419 
525,418 
526,419 
525,418 
524,417 
525,418 
524,417 
523,416 
522,416 
523,416 
522,416 
523,416 
522,416 
521,415 
522,416 
521,415 
520,414 
521,415 
520,414 
519,413 
518,412 
519,413 
518,412 
517,412 
514,409 
513,408 
512,408 
511,407 
512,408 
511,407 
510,406 
511,407 
510,406 
509,405 
510,406 
509,405 
508,404 
507,404 
508,404 
507,404 
508,404 
507,404 
506,403 
507,404 
506,403 
505,402 
506,403 
505,402 
504,401 
503,400 
504,401 
503,400 
502,400 
503,400 
502,400 
501,399 
500,398 
499,397 
498,396 
499,397 
498,396 
497,396 
494,393 
493,392 
494,393 
493,392 
492,392 
491,391 
490,390 
491,391 
490,390 
489,389 
488,388 
489,389 
488,388 
487,388 
488,388 
487,388 
486,387 
487,388 
486,387 
485,386 
486,387 
485,386 
484,385 
485,386 
484,385 
483,384 
482,384 
483,384 
482,384 
481,383 
482,384 
481,383 
480,382 
479,381 
480,382 
479,381 
478,380 
479,381 
478,380 
477,379 
474,377 
473,376 
472,375 
471,374 
472,375 
471,374 
470,374 
469,373 
468,372 
469,373 
468,372 
467,371 
468,372 
467,371 
466,370 
465,369 
466,370 
465,369 
464,368 
465,369 
464,368 
463,368 
462,367 
463,368 
462,367 
461,366 
462,367 
461,366 
460,365 
461,366 
460,365 
459,365 
458,364 
459,365 
458,364 
457,363 
454,361 
455,362 
454,361 
453,360 
452,359 
453,360 
452,359 
451,359 
450,358 
451,359 
450,358 
451,359 
450,358 
449,357 
448,356 
447,356 
448,356 
447,356 
446,355 
447,356 
446,355 
445,354 
444,353 
445,354 
444,353 
443,352 
444,353 
443,352 
442,352 
443,352 
442,352 
441,351 
442,352 
441,351 
440,350 
439,349 
440,350 
439,349 
438,348 
439,349 
438,348 
437,348 
434,345 
433,344 
432,344 
431,343 
432,344 
431,343 
430,342 
431,343 
430,342 
429,341 
428,340 
429,341 
428,340 
427,340 
426,339 
427,340 
426,339 
425,338 
426,339 
425,338 
426,339 
425,338 
424,337 
425,338 
424,337 
423,336 
424,337 
423,336 
422,336 
423,336 
422,336 
421,335 
422,336 
421,335 
420,334 
421,335 
420,334 
419,333 
420,334 
419,333 
418,332 
419,333 
418,332 
417,332 
414,329 
413,328 
414,329 
413,328 
412,328 
413,328 
412,328 
411,327 
410,326 
411,327 
410,326 
409,325 
410,326 
409,325 
408,324 
407,324 
408,324 
407,324 
406,323 
407,324 
406,323 
405,322 
404,321 
405,322 
404,321 
403,320 
402,320 
403,320 
402,320 
401,319 
402,320 
401,319 
400,318 
399,317 
400,318 
399,317 
398,316 
399,317 
398,316 
397,315 
394,313 
395,314 
394,313 
393,312 
392,311 
393,312 
392,311 
391,310 
392,311 
391,310 
390,310 
391,310 
390,310 
389,309 
390,310 
389,309 
388,308 
389,309 
388,308 
387,307 
388,308 
387,307 
386,306 
385,305 
386,306 
385,305 
384,304 
383,304 
382,303 
383,304 
382,303 
381,302 
382,303 
381,302 
380,301 
381,302 
380,301 
379,301 
378,300 
379,301 
378,300 
377,299 
374,297 
375,298 
374,297 
373,296 
372,295 
373,296 
372,295 
371,295 
370,294 
371,295 
370,294 
371,295 
370,294 
369,293 
368,292 
369,293 
368,292 
367,292 
368,292 
367,292 
366,291 
367,292 
366,291 
365,290 
366,291 
365,290 
366,291 
365,290 
364,289 
363,288 
364,289 
363,288 
362,288 
363,288 
362,288 
361,287 
362,288 
361,287 
360,286 
361,287 
360,286 
359,285 
358,284 
359,285 
358,284 
359,285 
358,284 
357,284 
354,281 
353,280 
352,280 
351,279 
350,278 
351,279 
350,278 
349,277 
350,278 
349,277 
348,276 
349,277 
348,276 
349,277 
348,276 
347,276 
348,276 
347,276 
346,275 
345,274 
346,275 
345,274 
346,275 
345,274 
344,273 
343,272 
344,273 
343,272 
342,272 
343,272 
342,272 
341,271 
342,272 
341,271 
342,272 
341,271 
340,270 
341,271 
340,270 
341,271 
340,270 
339,269 
338,268 
339,269 
338,268 
337,268 
334,265 
335,266 
334,265 
333,264 
334,265 
333,264 
332,264 
331,263 
330,262 
331,263 
330,262 
329,261 
328,260 
329,261 
328,260 
329,261 
328,260 
327,260 
328,260 
327,260 
328,260 
327,260 
328,260 
327,260 
326,259 
327,260 
326,259 
325,258 
324,257 
325,258 
324,257 
323,256 
324,257 
323,256 
322,256 
323,256 
322,256 
321,255 
322,256 
321,255 
320,254 
319,253 
320,254 
319,253 
318,252 
319,253 
318,252 
319,253 
318,252 
317,251 
314,249 
313,248 
312,247 
311,246 
312,247 
311,246 
310,246 
311,246 
310,246 
309,245 
310,246 
309,245 
308,244 
309,245 
308,244 
307,243 
308,244 
307,243 
306,242 
305,241 
304,240 
303,240 
302,239 
303,240 
302,239 
301,238 
300,237 
301,238 
300,237 
301,238 
300,237 
301,238 
300,237 
299,237 
300,237 
299,237 
298,236 
299,237 
298,236 
297,235 
294,233 
295,234 
294,233 
293,232 
292,231 
293,232 
292,231 
291,231 
290,230 
291,231 
290,230 
291,231 
290,230 
289,229 
288,228 
289,229 
288,228 
287,228 
288,228 
287,228 
286,227 
287,228 
286,227 
285,226 
286,227 
285,226 
284,225 
285,226 
284,225 
285,226 
284,225 
283,224 
284,225 
283,224 
282,224 
283,224 
282,224 
283,224 
282,224 
281,223 
282,224 
281,223 
280,222 
281,223 
280,222 
279,221 
278,220 
279,221 
278,220 
279,221 
278,220 
277,220 
274,217 
273,216 
272,216 
271,215 
272,216 
271,215 
270,214 
271,215 
270,214 
269,213 
270,214 
269,213 
268,212 
269,213 
268,212 
269,213 
268,212 
267,212 
268,212 
267,212 
266,211 
265,210 
266,211 
265,210 
266,211 
265,210 
264,209 
263,208 
264,209 
263,208 
262,208 
263,208 
262,208 
263,208 
262,208 
261,207 
262,208 
261,207 
260,206 
261,207 
260,206 
261,207 
260,206 
259,205 
260,206 
259,205 
258,204 
259,205 
258,204 
257,204 
254,201 
255,202 
254,201 
253,200 
252,200 
251,199 
250,198 
251,199 
250,198 
249,197 
248,196 
247,196 
248,196 
247,196 
246,195 
247,196 
246,195 
245,194 
244,193 
245,194 
244,193 
243,192 
242,192 
241,191 
242,192 
241,191 
240,190 
239,189 
240,190 
239,189 
238,188 
239,189 
238,188 
237,187 
234,185 
235,186 
234,185 
233,184 
232,183 
231,182 
230,182 
231,182 
230,182 
229,181 
230,182 
229,181 
228,180 
229,181 
228,180 
227,179 
228,180 
227,179 
226,178 
225,177 
226,178 
225,177 
224,176 
223,176 
222,175 
223,176 
222,175 
221,174 
222,175 
221,174 
220,173 
221,174 
220,173 
219,173 
218,172 
219,173 
218,172 
217,171 
214,169 
215,170 
214,169 
213,168 
214,169 
213,168 
212,167 
213,168 
212,167 
211,167 
210,166 
211,167 
210,166 
209,165 
208,164 
209,165 
208,164 
209,165 
208,164 
207,164 
206,163 
207,164 
206,163 
205,162 
204,161 
203,160 
204,161 
203,160 
202,160 
203,160 
202,160 
201,159 
202,160 
201,159 
200,158 
199,157 
200,158 
199,157 
198,156 
199,157 
198,156 
199,157 
198,156 
197,156 
194,153 
193,152 
194,153 
193,152 
192,152 
191,151 
190,150 
191,151 
190,150 
189,149 
190,150 
189,149 
188,148 
189,149 
188,148 
187,148 
186,147 
187,148 
186,147 
185,146 
186,147 
185,146 
184,145 
185,146 
184,145 
183,144 
184,145 
183,144 
182,144 
181,143 
182,144 
181,143 
180,142 
181,143 
180,142 
179,141 
180,142 
179,141 
178,140 
179,141 
178,140 
177,140 
174,137 
175,138 
174,137 
173,136 
172,136 
173,136 
172,136 
171,135 
170,134 
171,135 
170,134 
171,135 
170,134 
169,133 
168,132 
167,132 
168,132 
167,132 
166,131 
167,132 
166,131 
165,130 
164,129 
165,130 
164,129 
163,128 
164,129 
163,128 
162,128 
163,128 
162,128 
161,127 
160,126 
159,125 
160,126 
159,125 
158,124 
159,125 
158,124 
155,122 
154,121 
153,120 
152,119 
151,118 
152,119 
151,118 
150,118 
151,118 
150,118 
149,117 
150,118 
149,117 
148,116 
149,117 
148,116 
147,115 
148,116 
147,115 
148,116 
147,115 
146,114 
145,113 
144,112 
145,113 
144,112 
143,112 
142,111 
143,112 
142,111 
143,112 
142,111 
141,110 
140,109 
141,110 
140,109 
139,109 
140,109 
139,109 
140,109 
139,109 
138,108 
137,107 
134,105 
135,106 
134,105 
133,104 
132,103 
133,104 
132,103 
131,103 
130,102 
131,103 
130,102 
131,103 
130,102 
129,101 
130,102 
129,101 
128,100 
127,100 
128,100 
127,100 
126,99 
127,100 
126,99 
125,98 
124,97 
125,98 
124,97 
123,96 
124,97 
123,96 
122,96 
123,96 
122,96 
121,95 
122,96 
121,95 
120,94 
119,93 
120,94 
119,93 
118,92 
119,93 
118,92 
117,92 
114,89 
113,88 
112,88 
111,87 
112,88 
111,87 
110,86 
109,85 
110,86 
109,85 
108,84 
109,85 
108,84 
107,84 
108,84 
107,84 
106,83 
105,82 
106,83 
105,82 
104,81 
103,80 
104,81 
103,80 
102,80 
103,80 
102,80 
101,79 
100,78 
101,79 
100,78 
99,77 
100,78 
99,77 
98,76 
99,77 
98,76 
97,76 
95,74 
94,73 
93,72 
94,73 
93,72 
92,72 
93,72 
92,72 
91,71 
90,70 
91,71 
90,70 
89,69 
90,70 
89,69 
88,68 
87,68 
88,68 
87,68 
86,67 
87,68 
86,67 
85,66 
84,65 
85,66 
84,65 
83,64 
84,65 
83,64 
82,64 
83,64 
82,64 
81,63 
82,64 
81,63 
80,62 
79,61 
80,62 
79,61 
78,60 
79,61 
78,60 
79,61 
78,60 
76,59 
74,57 
75,58 
74,57 
73,56 
74,57 
73,56 
72,55 
71,54 
72,55 
71,54 
72,55 
71,54 
70,54 
69,53 
68,52 
67,51 
68,52 
67,51 
68,52 
67,51 
66,50 
65,49 
66,50 
65,49 
64,48 
65,49 
64,48 
63,48 
64,48 
63,48 
62,47 
63,48 
62,47 
61,46 
62,47 
61,46 
60,45 
59,45 
58,44 
59,45 
58,44 
57,43 
55,42 
54,41 
55,42 
54,41 
53,40 
54,41 
53,40 
52,39 
53,40 
52,39 
51,39 
52,39 
51,39 
50,38 
51,39 
50,38 
49,37 
50,38 
49,37 
48,36 
49,37 
48,36 
47,36 
48,36 
47,36 
46,35 
47,36 
46,35 
45,34 
46,35 
45,34 
44,33 
45,34 
44,33 
43,32 
44,33 
43,32 
42,32 
43,32 
42,32 
41,31 
42,32 
41,31 
40,30 
39,29 
40,30 
39,29 
38,28 
39,29 
38,28 
37,28 
35,26 
34,25 
33,24 
32,24 
31,23 
32,24 
31,23 
30,22 
29,21 
30,22 
29,21 
28,20 
27,20 
26,19 
27,20 
26,19 
25,18 
26,19 
25,18 
24,17 
25,18 
24,17 
23,16 
24,17 
23,16 
22,16 
21,15 
22,16 
21,15 
20,14 
21,15 
20,14 
19,14 
20,14 
19,14 
18,13 
19,14 
18,13 
17,12 
15,11 
14,10 
13,10 
14,10 
13,10 
12,9 
13,10 
12,9 
11,8 
10,8 
11,8 
10,8 
9,7 
8,6 
9,7 
8,6 
7,6 
8,6 
7,6 
6,5 
5,4 
4,4 
5,4 
4,4 
3,3 
2,2 
3,3 
2,2 
1,2 
0,1 
3999,3200 
0,1 
3999,3200 
3998,3199 
3999,3200 
3998,3199 
3999,3200 
3998,3199 
3995,3196 
3994,3195 
3993,3194 
3992,3193 
3993,3194 
3992,3193 
3991,3192 
3990,3191 
3991,3192 
3990,3191 
3989,3190 
3988,3189 
3989,3190 
3988,3189 
3987,3188 
3988,3189 
3987,3188 
3986,3187 
3985,3186 
3986,3187 
3985,3186 
3984,3184 
3985,3186 
3984,3184 
3983,3184 
3982,3183 
3983,3184 
3982,3183 
3981,3182 
3980,3181 
3981,3182 
3980,3181 
3979,3181 
3978,3180 
3979,3181 
3978,3180 
3977,3179 
3974,3177 
3975,3178 
3974,3177 
3973,3176 
3972,3175 
3973,3176 
3972,3175 
3971,3175 
3970,3174 
3971,3175 
3970,3174 
3969,3173 
3970,3174 
3969,3173 
3968,3172 
3969,3173 
3968,3172 
3967,3172 
3968,3172 
3967,3172 
3966,3171 
3967,3172 
3966,3171 
3965,3170 
3964,3169 
3965,3170 
3964,3169 
3963,3168 
3962,3168 
3963,3168 
3962,3168 
3961,3167 
3962,3168 
3961,3167 
3960,3166 
3959,3165 
3958,3164 
3959,3165 
3958,3164 
3959,3165 
3958,3164 
3957,3163 
3954,3161 
3953,3160 
3952,3159 
3951,3158 
3950,3158 
3951,3158 
3950,3158 
3949,3157 
3950,3158 
3949,3157 
3948,3156 
3949,3157 
3948,3156 
3947,3155 
3946,3154 
3945,3153 
3946,3154 
3945,3153 
3946,3154 
3945,3153 
3944,3152 
3945,3153 
3944,3152 
3943,3152 
3944,3152 
3943,3152 
3942,3151 
3941,3150 
3942,3151 
3941,3150 
3940,3149 
3939,3149 
3940,3149 
3939,3149 
3938,3148 
3939,3149 
3938,3148 
3939,3149 
3938,3148 
3937,3147 
3934,3145 
3933,3144 
3934,3145 
3933,3144 
3932,3143 
3933,3144 
3932,3143 
3931,3143 
3930,3142 
3931,3143 
3930,3142 
3931,3143 
3930,3142 
3929,3141 
3928,3140 
3929,3141 
3928,3140 
3927,3140 
3928,3140 
3927,3140 
3926,3139 
3927,3140 
3926,3139 
3925,3138 
3924,3137 
3925,3138 
3924,3137 
3923,3136 
3924,3137 
3923,3136 
3922,3136 
3923,3136 
3922,3136 
3921,3135 
3922,3136 
3921,3135 
3920,3134 
3919,3133 
3920,3134 
3919,3133 
3918,3132 
3919,3133 
3918,3132 
3914,3129 
3915,3130 
3913,3128 
3914,3129 
3913,3128 
3912,3127 
3911,3126 
3912,3127 
3911,3126 
3910,3126 
3909,3125 
3908,3124 
3909,3125 
3908,3124 
3907,3123 
3908,3124 
3907,3123 
3906,3122 
3907,3123 
3906,3122 
3905,3121 
3906,3122 
3905,3121 
3904,3120 
3905,3121 
3904,3120 
3903,3120 
3902,3119 
3903,3120 
3902,3119 
3901,3118 
3900,3117 
3899,3117 
3900,3117 
3899,3117 
3898,3116 
3899,3117 
3898,3116 
3895,3114 
3894,3113 
3893,3112 
3892,3111 
3893,3112 
3892,3111 
3891,3111 
3892,3111 
3891,3111 
3890,3110 
3891,3111 
3890,3110 
3889,3109 
3890,3110 
3889,3109 
3888,3108 
3887,3108 
3888,3108 
3887,3108 
3886,3107 
3887,3108 
3886,3107 
3885,3106 
3886,3107 
3885,3106 
3884,3105 
3885,3106 
3884,3105 
3885,3106 
3884,3105 
3883,3104 
3882,3104 
3883,3104 
3882,3104 
3881,3103 
3880,3102 
3881,3103 
3880,3102 
3879,3101 
3878,3100 
3879,3101 
3878,3100 
3874,3097 
3875,3098 
3873,3096 
3874,3097 
3873,3096 
3872,3095 
3871,3094 
3872,3095 
3871,3094 
3870,3094 
3869,3093 
3868,3092 
3869,3093 
3868,3092 
3867,3091 
3866,3090 
3867,3091 
3866,3090 
3865,3089 
3866,3090 
3865,3089 
3864,3088 
3865,3089 
3864,3088 
3863,3088 
3864,3088 
3863,3088 
3862,3087 
3861,3086 
3862,3087 
3861,3086 
3860,3085 
3861,3086 
3860,3085 
3859,3085 
3860,3085 
3859,3085 
3858,3084 
3857,3083 
3854,3081 
3855,3082 
3854,3081 
3853,3080 
3854,3081 
3853,3080 
3852,3079 
3853,3080 
3852,3079 
3853,3080 
3852,3079 
3851,3079 
3852,3079 
3851,3079 
3852,3079 
3851,3079 
3850,3078 
3849,3077 
3850,3078 
3849,3077 
3848,3076 
3847,3076 
3848,3076 
3847,3076 
3846,3075 
3845,3074 
3846,3075 
3845,3074 
3844,3073 
3843,3072 
3844,3073 
3843,3072 
3842,3072 
3841,3071 
3842,3072 
3841,3071 
3840,3070 
3839,3069 
3840,3070 
3839,3069 
3840,3070 
3839,3069 
3838,3068 
3839,3069 
3838,3068 
3835,3066 
3834,3065 
3833,3064 
3832,3063 
3833,3064 
3832,3063 
3831,3062 
3830,3062 
3831,3062 
3830,3062 
3829,3061 
3828,3060 
3827,3059 
3828,3060 
3827,3059 
3826,3058 
3827,3059 
3826,3058 
3825,3057 
3826,3058 
3825,3057 
3824,3056 
3825,3057 
3824,3056 
3823,3056 
3822,3055 
3823,3056 
3822,3055 
3821,3054 
3820,3053 
3821,3054 
3820,3053 
3819,3053 
3820,3053 
3819,3053 
3818,3052 
3819,3053 
3818,3052 
3817,3051 
3814,3049 
3815,3050 
3814,3049 
3813,3048 
3812,3047 
3813,3048 
3812,3047 
3811,3047 
3812,3047 
3811,3047 
3810,3046 
3811,3047 
3810,3046 
3809,3045 
3810,3046 
3809,3045 
3808,3044 
3807,3044 
3808,3044 
3807,3044 
3806,3043 
3807,3044 
3806,3043 
3805,3042 
3806,3043 
3805,3042 
3804,3041 
3803,3040 
3804,3041 
3803,3040 
3802,3040 
3801,3039 
3802,3040 
3801,3039 
3802,3040 
3801,3039 
3800,3038 
3799,3037 
3800,3038 
3799,3037 
3800,3038 
3799,3037 
3798,3036 
3799,3037 
3798,3036 
3794,3033 
3795,3034 
3793,3032 
3794,3033 
3793,3032 
3792,3031 
3793,3032 
3792,3031 
3791,3030 
3790,3030 
3791,3030 
3790,3030 
3791,3030 
3790,3030 
3789,3029 
3788,3028 
3789,3029 
3788,3028 
3787,3027 
3788,3028 
3787,3027 
3788,3028 
3787,3027 
3786,3026 
3785,3025 
3786,3026 
3785,3025 
3784,3024 
3785,3025 
3784,3024 
3783,3024
3782,3023 
3783,3024 
3782,3023 
3781,3022 
3780,3021 
3781,3022 
3780,3021 
3779,3021 
3778,3020 
3779,3021 
3778,3020 
3777,3019 
3774,3017 
3775,3018 
3774,3017 
3773,3016 
3774,3017 
3773,3016 
3772,3015 
3773,3016 
3772,3015 
3773,3016 
3772,3015 
3771,3015 
3770,3014 
3771,3015 
3770,3014 
3769,3013 
3770,3014 
3769,3013 
3768,3012 
3767,3012 
3768,3012 
3767,3012 
3766,3011 
3767,3012 
3766,3011 
3765,3010 
3764,3009 
3763,3008 
3764,3009 
3763,3008 
3762,3008 
3761,3007 
3762,3008 
3761,3007 
3760,3006 
3759,3005 
3760,3006 
3759,3005 
3760,3006 
3759,3005 
3758,3004 
3759,3005 
3758,3004 
3754,3001 
3755,3002 
3754,3001 
3753,3000 
3754,3001 
3753,3000 
3752,2999 
3753,3000 
3752,2999 
3753,3000 
3752,2999 
3751,2998 
3750,2998 
3751,2998 
3750,2998 
3751,2998 
3750,2998 
3749,2997 
3748,2996 
3747,2995 
3748,2996 
3747,2995 
3746,2994 
3747,2995 
3746,2994 
3745,2993 
3744,2992 
3745,2993 
3744,2992 
3743,2992 
3742,2991 
3743,2992 
3742,2991 
3741,2990 
3742,2991 
3741,2990 
3740,2989 
3739,2989 
3740,2989 
3739,2989 
3738,2988 
3735,2986 
3734,2985 
3733,2984 
3732,2983 
3733,2984 
3732,2983 
3733,2984 
3732,2983 
3731,2983 
3730,2982 
3731,2983 
3730,2982 
3729,2981 
3730,2982 
3729,2981 
3728,2980 
3729,2981 
3728,2980 
3727,2980 
3728,2980 
3727,2980 
3726,2979 
3725,2978 
3726,2979 
3725,2978 
3724,2977 
3723,2976 
3724,2977 
3723,2976 
3722,2976 
3721,2975 
3722,2976 
3721,2975 
3720,2974 
3719,2973 
3720,2974 
3719,2973 
3720,2974 
3719,2973 
3718,2972 
3715,2970 
3714,2969 
3713,2968 
3712,2967 
3713,2968 
3712,2967 
3711,2966 
3710,2966 
3711,2966 
3710,2966 
3711,2966 
3710,2966 
3709,2965 
3708,2964 
3709,2965 
3708,2964 
3707,2963 
3708,2964 
3707,2963 
3706,2962 
3705,2961 
3706,2962 
3705,2961 
3704,2960 
3703,2960 
3702,2959 
3703,2960 
3702,2959 
3701,2958 
3700,2957 
3699,2957 
3700,2957 
3699,2957 
3698,2956 
3699,2957 
3698,2956 
3695,2954 
3694,2953 
3693,2952 
3692,2951 
3691,2951 
3692,2951 
3691,2951 
3690,2950 
3689,2949 
3688,2948 
3689,2949 
3688,2948 
3687,2948 
3686,2947 
3685,2946 
3686,2947 
3685,2946 
3684,2945 
3683,2944 
3684,2945 
3683,2944 
3682,2944 
3681,2943 
3682,2944 
3681,2943 
3680,2942 
3681,2943 
3680,2942 
3679,2941 
3680,2942 
3679,2941 
3678,2940 
3675,2938 
3674,2937 
3673,2936 
3672,2935 
3671,2934 
3672,2935 
3671,2934 
3670,2934 
3671,2934 
3670,2934 
3669,2933 
3670,2934 
3669,2933 
3668,2932 
3667,2931 
3668,2932 
3667,2931 
3666,2930 
3667,2931 
3666,2930 
3665,2929 
3664,2928 
3665,2929 
3664,2928 
3663,2928 
3662,2927 
3661,2926 
3662,2927 
3661,2926 
3660,2925 
3659,2925 
3660,2925 
3659,2925 
3658,2924 
3655,2922 
3654,2921 
3653,2920 
3652,2919 
3653,2920 
3652,2919 
3651,2919 
3650,2918 
3651,2919 
3650,2918 
3649,2917 
3650,2918 
3649,2917 
3648,2916 
3649,2917 
3648,2916 
3647,2916 
3648,2916 
3647,2916 
3646,2915 
3645,2914 
3646,2915 
3645,2914 
3644,2913 
3643,2912 
3644,2913 
3643,2912 
3642,2912 
3641,2911 
3642,2912 
3641,2911 
3640,2910 
3641,2911 
3640,2910 
3639,2909 
3640,2910 
3639,2909 
3640,2910 
3639,2909 
3638,2908 
3635,2906 
3634,2905 
3633,2904 
3632,2903 
3633,2904 
3632,2903 
3633,2904 
3632,2903 
3631,2902 
3630,2902 
3631,2902 
3630,2902 
3629,2901 
3628,2900 
3629,2901 
3628,2900 
3627,2899 
3628,2900 
3627,2899 
3626,2898 
3625,2897 
3626,2898 
3625,2897 
3624,2896 
3625,2897 
3624,2896 
3623,2896 
3622,2895 
3623,2896 
3622,2895 
3621,2894 
3622,2895 
3621,2894 
3620,2893 
3619,2892 
3620,2893 
3619,2892 
3618,2892 
3619,2892 
3618,2892 
3615,2889 
3614,2888 
3613,2888 
3612,2887 
3611,2886 
3612,2887 
3611,2886 
3610,2885 
3609,2884 
3608,2884 
3609,2884 
3608,2884 
3607,2883 
3606,2882 
3605,2881 
3606,2882 
3605,2881 
3604,2880 
3603,2880 
3604,2880 
3603,2880 
3602,2879 
3603,2880 
3602,2879 
3601,2878 
3602,2879 
3601,2878 
3600,2877 
3601,2878 
3600,2877 
3599,2876 
3600,2877 
3599,2876 
3598,2876 
3595,2873 
3594,2872 
3593,2872 
3592,2871 
3593,2872 
3592,2871 
3591,2870 
3590,2869 
3591,2870 
3590,2869 
3589,2868 
3590,2869 
3589,2868 
3588,2868 
3589,2868 
3588,2868 
3587,2867 
3588,2868 
3587,2867 
3586,2866 
3587,2867 
3586,2866 
3585,2865 
3584,2864 
3585,2865 
3584,2864 
3583,2864 
3584,2864 
3583,2864 
3582,2863 
3581,2862 
3582,2863 
3581,2862 
3580,2861 
3581,2862 
3580,2861 
3579,2861 
3580,2861 
3579,2861 
3578,2860 
3575,2858 
3574,2857 
3573,2856 
3572,2855 
3573,2856 
3572,2855 
3571,2855 
3572,2855 
3571,2855 
3572,2855 
3571,2855 
3570,2854 
3571,2855 
3570,2854 
3569,2853 
3568,2852 
3569,2853 
3568,2852 
3567,2852 
3566,2851 
3565,2850 
3566,2851 
3565,2850 
3564,2849 
3563,2848 
3564,2849 
3563,2848 
3564,2849 
3563,2848 
3562,2848 
3561,2847 
3562,2848 
3561,2847 
3560,2846 
3561,2847 
3560,2846 
3559,2845 
3560,2846 
3559,2845 
3560,2846 
3559,2845 
3558,2844 
3559,2845 
3558,2844 
3555,2842 
3554,2841 
3553,2840 
3552,2839 
3553,2840 
3552,2839 
3551,2838 
3550,2838 
3549,2837 
3550,2838 
3549,2837 
3548,2836 
3549,2837 
3548,2836 
3547,2835 
3546,2834 
3547,2835 
3546,2834 
3545,2833 
3546,2834 
3545,2833 
3544,2832 
3545,2833 
3544,2832 
3545,2833 
3544,2832 
3543,2832 
3544,2832 
3543,2832 
3542,2831 
3543,2832 
3542,2831 
3541,2830 
3540,2829 
3539,2828 
3538,2828 
3539,2828 
3538,2828 
3537,2827 
3534,2824 
3535,2825 
3534,2824 
3533,2824 
3532,2823 
3533,2824 
3532,2823 
3531,2822 
3532,2823 
3531,2822 
3530,2821 
3531,2822 
3530,2821 
3529,2820 
3530,2821 
3529,2820 
3528,2820 
3529,2820 
3528,2820 
3527,2819 
3526,2818 
3525,2817 
3526,2818 
3525,2817 
3524,2816 
3523,2816 
3524,2816 
3523,2816 
3522,2815 
3523,2816 
3522,2815 
3521,2814 
3522,2815 
3521,2814 
3520,2813 
3521,2814 
3520,2813 
3519,2812 
3520,2813 
3519,2812 
3518,2812 
3515,2809 
3514,2808 
3513,2808 
3512,2807 
3513,2808 
3512,2807 
3511,2806 
3512,2807 
3511,2806 
3510,2805 
3511,2806 
3510,2805 
3509,2804 
3508,2804 
3509,2804 
3508,2804 
3509,2804 
3508,2804 
3507,2803 
3506,2802 
3505,2801 
3504,2800 
3505,2801 
3504,2800 
3505,2801 
3504,2800 
3503,2800 
3502,2799 
3503,2800 
3502,2799 
3503,2800 
3502,2799 
3501,2798 
3500,2797 
3499,2797 
3500,2797 
3499,2797 
3498,2796 
3495,2794 
3494,2793 
3493,2792 
3492,2791 
3493,2792 
3492,2791 
3491,2791 
3490,2790 
3491,2791 
3490,2790 
3489,2789 
3488,2788 
3489,2789 
3488,2788 
3487,2788 
3488,2788 
3487,2788 
3486,2787 
3487,2788 
3486,2787 
3485,2786 
3486,2787 
3485,2786 
3486,2787 
3485,2786 
3484,2785 
3485,2786 
3484,2785 
3483,2784 
3484,2785 
3483,2784 
3482,2784 
3483,2784 
3482,2784 
3481,2783 
3482,2784 
3481,2783 
3480,2782 
3481,2783 
3480,2782 
3479,2781 
3480,2782 
3479,2781 
3478,2780 
3475,2778 
3474,2777 
3473,2776 
3472,2775 
3473,2776 
3472,2775 
3471,2774 
3472,2775 
3471,2774 
3470,2774 
3469,2773 
3470,2774 
3469,2773 
3470,2774 
3469,2773 
3468,2772 
3467,2771 
3466,2770 
3467,2771 
3466,2770 
3467,2771 
3466,2770 
3465,2769 
3466,2770 
3465,2769 
3464,2768 
3465,2769 
3464,2768 
3463,2768 
3464,2768 
3463,2768 
3462,2767 
3463,2768 
3462,2767 
3461,2766 
3460,2765 
3459,2764 
3460,2765 
3459,2764 
3458,2764 
3455,2761 
3454,2760 
3453,2760 
3452,2759 
3453,2760 
3452,2759 
3451,2758 
3452,2759 
3451,2758 
3450,2757 
3449,2756 
3450,2757 
3449,2756 
3448,2756 
3449,2756 
3448,2756 
3449,2756 
3448,2756 
3447,2755 
3446,2754 
3445,2753 
3446,2754 
3445,2753 
3444,2752 
3443,2752 
3444,2752 
3443,2752 
3442,2751 
3443,2752 
3442,2751 
3441,2750 
3442,2751 
3441,2750 
3440,2749 
3441,2750 
3440,2749 
3439,2748 
3440,2749 
3439,2748 
3438,2748 
3435,2745 
3434,2744 
3433,2744 
3432,2743 
3433,2744 
3432,2743 
3431,2742 
3430,2741 
3431,2742 
3430,2741 
3429,2740 
3428,2740 
3429,2740 
3428,2740 
3427,2739 
3426,2738 
3425,2737 
3426,2738 
3425,2737 
3424,2736 
3423,2736 
3424,2736 
3423,2736 
3422,2735 
3421,2734 
3422,2735 
3421,2734 
3420,2733 
3421,2734 
3420,2733 
3419,2733 
3420,2733 
3419,2733 
3418,2732 
3415,2730 
3414,2729 
3413,2728 
3412,2727 
3411,2727 
3410,2726 
3409,2725 
3408,2724 
3409,2725 
3408,2724 
3407,2724 
3408,2724 
3407,2724 
3406,2723 
3405,2722 
3406,2723 
3405,2722 
3406,2723 
3405,2722 
3404,2721 
3403,2720 
3404,2721 
3403,2720 
3402,2720 
3403,2720 
3402,2720 
3401,2719 
3402,2720 
3401,2719 
3400,2718 
3401,2719 
3400,2718 
3399,2717 
3400,2718 
3399,2717 
3398,2716 
3395,2714 
3394,2713 
3393,2712 
3392,2711 
3393,2712 
3392,2711 
3391,2710 
3390,2710 
3391,2710 
3390,2710 
3389,2709 
3388,2708 
3389,2709 
3388,2708 
3387,2707 
3386,2706 
3387,2707 
3386,2706 
3385,2705 
3384,2704 
3383,2704 
3384,2704 
3383,2704 
3382,2703 
3381,2702 
3382,2703 
3381,2702 
3380,2701 
3381,2702 
3380,2701 
3379,2700 
3380,2701 
3379,2700 
3378,2700 
3375,2697 
3374,2696 